0.0000 -1.0000 0.0000 
0.0000 -0.9608 -0.1229 
0.0000 -0.9216 -0.2439 
0.0000 -0.8824 -0.3612 
0.0000 -0.8431 -0.4731 
0.0000 -0.8039 -0.5778 
0.0000 -0.7647 -0.6737 
0.0000 -0.7255 -0.7594 
0.0000 -0.6863 -0.8336 
0.0000 -0.6471 -0.8952 
0.0000 -0.6078 -0.9432 
0.0000 -0.5686 -0.9768 
0.0000 -0.5294 -0.9957 
0.0000 -0.4902 -0.9995 
0.0000 -0.4510 -0.9882 
0.0000 -0.4118 -0.9618 
0.0000 -0.3725 -0.9209 
0.0000 -0.3333 -0.8660 
0.0000 -0.2941 -0.7980 
0.0000 -0.2549 -0.7179 
0.0000 -0.2157 -0.6269 
0.0000 -0.1765 -0.5264 
0.0000 -0.1373 -0.4180 
0.0000 -0.0980 -0.3032 
0.0000 -0.0588 -0.1837 
0.0000 -0.0196 -0.0616 
0.0000 0.0196 0.0616 
0.0000 0.0588 0.1837 
0.0000 0.0980 0.3032 
0.0000 0.1373 0.4180 
0.0000 0.1765 0.5264 
0.0000 0.2157 0.6269 
0.0000 0.2549 0.7179 
0.0000 0.2941 0.7980 
0.0000 0.3333 0.8660 
0.0000 0.3725 0.9209 
0.0000 0.4118 0.9618 
0.0000 0.4510 0.9882 
0.0000 0.4902 0.9995 
0.0000 0.5294 0.9957 
0.0000 0.5686 0.9768 
0.0000 0.6078 0.9432 
0.0000 0.6471 0.8952 
0.0000 0.6863 0.8336 
0.0000 0.7255 0.7594 
0.0000 0.7647 0.6737 
0.0000 0.8039 0.5778 
0.0000 0.8431 0.4731 
0.0000 0.8824 0.3612 
0.0000 0.9216 0.2439 
0.0000 0.9608 0.1229 
0.0000 1.0000 0.0000
 
0.0075 -1.0000 0.0000 
0.0075 -0.9608 -0.1352 
0.0075 -0.9216 -0.2462 
0.0075 -0.8824 -0.3550 
0.0075 -0.8431 -0.4594 
0.0075 -0.8039 -0.5577 
0.0075 -0.7647 -0.6480 
0.0075 -0.7255 -0.7289 
0.0075 -0.6863 -0.7990 
0.0075 -0.6471 -0.8571 
0.0075 -0.6078 -0.9023 
0.0075 -0.5686 -0.9339 
0.0075 -0.5294 -0.9512 
0.0075 -0.4902 -0.9538 
0.0075 -0.4510 -0.9412 
0.0075 -0.4118 -0.9130 
0.0075 -0.3725 -0.8676 
0.0075 -0.3333 -0.7988 
0.0075 -0.2941 -0.7006 
0.0075 -0.2549 -0.6115 
0.0075 -0.2157 -0.5240 
0.0075 -0.1765 -0.4313 
0.0075 -0.1373 -0.3327 
0.0075 -0.0980 -0.2287 
0.0075 -0.0588 -0.1205 
0.0075 -0.0196 -0.0097 
0.0075 0.0196 0.1023 
0.0075 0.0588 0.2137 
0.0075 0.0980 0.3228 
0.0075 0.1373 0.4279 
0.0075 0.1765 0.5273 
0.0075 0.2157 0.6195 
0.0075 0.2549 0.7030 
0.0075 0.2941 0.7765 
0.0075 0.3333 0.8388 
0.0075 0.3725 0.8889 
0.0075 0.4118 0.9261 
0.0075 0.4510 0.9496 
0.0075 0.4902 0.9591 
0.0075 0.5294 0.9545 
0.0075 0.5686 0.9357 
0.0075 0.6078 0.9031 
0.0075 0.6471 0.8571 
0.0075 0.6863 0.7985 
0.0075 0.7255 0.7282 
0.0075 0.7647 0.6474 
0.0075 0.8039 0.5575 
0.0075 0.8431 0.4595 
0.0075 0.8824 0.3552 
0.0075 0.9216 0.2463 
0.0075 0.9608 0.1353 
0.0075 1.0000 0.0000
 
0.0150 -1.0000 0.0000 
0.0150 -0.9608 -0.1375 
0.0150 -0.9216 -0.2448 
0.0150 -0.8824 -0.3477 
0.0150 -0.8431 -0.4459 
0.0150 -0.8039 -0.5383 
0.0150 -0.7647 -0.6233 
0.0150 -0.7255 -0.6995 
0.0150 -0.6863 -0.7655 
0.0150 -0.6471 -0.8202 
0.0150 -0.6078 -0.8625 
0.0150 -0.5686 -0.8916 
0.0150 -0.5294 -0.9068 
0.0150 -0.4902 -0.9073 
0.0150 -0.4510 -0.8922 
0.0150 -0.4118 -0.8601 
0.0150 -0.3725 -0.8081 
0.0150 -0.3333 -0.7277 
0.0150 -0.2941 -0.6148 
0.0150 -0.2549 -0.5180 
0.0150 -0.2157 -0.4306 
0.0150 -0.1765 -0.3429 
0.0150 -0.1373 -0.2522 
0.0150 -0.0980 -0.1576 
0.0150 -0.0588 -0.0597 
0.0150 -0.0196 0.0406 
0.0150 0.0196 0.1420 
0.0150 0.0588 0.2431 
0.0150 0.0980 0.3423 
0.0150 0.1373 0.4380 
0.0150 0.1765 0.5287 
0.0150 0.2157 0.6129 
0.0150 0.2549 0.6891 
0.0150 0.2941 0.7563 
0.0150 0.3333 0.8131 
0.0150 0.3725 0.8586 
0.0150 0.4118 0.8921 
0.0150 0.4510 0.9129 
0.0150 0.4902 0.9207 
0.0150 0.5294 0.9152 
0.0150 0.5686 0.8965 
0.0150 0.6078 0.8649 
0.0150 0.6471 0.8209 
0.0150 0.6863 0.7651 
0.0150 0.7255 0.6986 
0.0150 0.7647 0.6225 
0.0150 0.8039 0.5382 
0.0150 0.8431 0.4462 
0.0150 0.8824 0.3481 
0.0150 0.9216 0.2452 
0.0150 0.9608 0.1378 
0.0150 1.0000 0.0000
 
0.0225 -1.0000 0.0000 
0.0225 -0.9608 -0.1361 
0.0225 -0.9216 -0.2405 
0.0225 -0.8824 -0.3389 
0.0225 -0.8431 -0.4320 
0.0225 -0.8039 -0.5192 
0.0225 -0.7647 -0.5993 
0.0225 -0.7255 -0.6711 
0.0225 -0.6863 -0.7331 
0.0225 -0.6471 -0.7842 
0.0225 -0.6078 -0.8234 
0.0225 -0.5686 -0.8498 
0.0225 -0.5294 -0.8623 
0.0225 -0.4902 -0.8600 
0.0225 -0.4510 -0.8416 
0.0225 -0.4118 -0.8049 
0.0225 -0.3725 -0.7464 
0.0225 -0.3333 -0.6572 
0.0225 -0.2941 -0.5352 
0.0225 -0.2549 -0.4330 
0.0225 -0.2157 -0.3451 
0.0225 -0.1765 -0.2611 
0.0225 -0.1373 -0.1767 
0.0225 -0.0980 -0.0904 
0.0225 -0.0588 -0.0017 
0.0225 -0.0196 0.0888 
0.0225 0.0196 0.1804 
0.0225 0.0588 0.2717 
0.0225 0.0980 0.3614 
0.0225 0.1373 0.4481 
0.0225 0.1765 0.5304 
0.0225 0.2157 0.6069 
0.0225 0.2549 0.6762 
0.0225 0.2941 0.7372 
0.0225 0.3333 0.7887 
0.0225 0.3725 0.8298 
0.0225 0.4118 0.8597 
0.0225 0.4510 0.8779 
0.0225 0.4902 0.8839 
0.0225 0.5294 0.8777 
0.0225 0.5686 0.8591 
0.0225 0.6078 0.8285 
0.0225 0.6471 0.7864 
0.0225 0.6863 0.7333 
0.0225 0.7255 0.6703 
0.0225 0.7647 0.5986 
0.0225 0.8039 0.5194 
0.0225 0.8431 0.4327 
0.0225 0.8824 0.3397 
0.0225 0.9216 0.2413 
0.0225 0.9608 0.1367 
0.0225 1.0000 0.0000
 
0.0300 -1.0000 0.0000 
0.0300 -0.9608 -0.1331 
0.0300 -0.9216 -0.2344 
0.0300 -0.8824 -0.3289 
0.0300 -0.8431 -0.4175 
0.0300 -0.8039 -0.5001 
0.0300 -0.7647 -0.5757 
0.0300 -0.7255 -0.6432 
0.0300 -0.6863 -0.7014 
0.0300 -0.6471 -0.7490 
0.0300 -0.6078 -0.7849 
0.0300 -0.5686 -0.8082 
0.0300 -0.5294 -0.8177 
0.0300 -0.4902 -0.8122 
0.0300 -0.4510 -0.7900 
0.0300 -0.4118 -0.7487 
0.0300 -0.3725 -0.6843 
0.0300 -0.3333 -0.5885 
0.0300 -0.2941 -0.4601 
0.0300 -0.2549 -0.3542 
0.0300 -0.2157 -0.2662 
0.0300 -0.1765 -0.1851 
0.0300 -0.1373 -0.1062 
0.0300 -0.0980 -0.0271 
0.0300 -0.0588 0.0533 
0.0300 -0.0196 0.1348 
0.0300 0.0196 0.2171 
0.0300 0.0588 0.2992 
0.0300 0.0980 0.3799 
0.0300 0.1373 0.4581 
0.0300 0.1765 0.5324 
0.0300 0.2157 0.6015 
0.0300 0.2549 0.6641 
0.0300 0.2941 0.7191 
0.0300 0.3333 0.7655 
0.0300 0.3725 0.8023 
0.0300 0.4118 0.8288 
0.0300 0.4510 0.8445 
0.0300 0.4902 0.8488 
0.0300 0.5294 0.8418 
0.0300 0.5686 0.8233 
0.0300 0.6078 0.7937 
0.0300 0.6471 0.7533 
0.0300 0.6863 0.7029 
0.0300 0.7255 0.6433 
0.0300 0.7647 0.5756 
0.0300 0.8039 0.5010 
0.0300 0.8431 0.4189 
0.0300 0.8824 0.3303 
0.0300 0.9216 0.2357 
0.0300 0.9608 0.1340 
0.0300 1.0000 0.0000
 
0.0375 -1.0000 0.0000 
0.0375 -0.9608 -0.1292 
0.0375 -0.9216 -0.2272 
0.0375 -0.8824 -0.3180 
0.0375 -0.8431 -0.4026 
0.0375 -0.8039 -0.4810 
0.0375 -0.7647 -0.5524 
0.0375 -0.7255 -0.6159 
0.0375 -0.6863 -0.6702 
0.0375 -0.6471 -0.7142 
0.0375 -0.6078 -0.7468 
0.0375 -0.5686 -0.7669 
0.0375 -0.5294 -0.7732 
0.0375 -0.4902 -0.7642 
0.0375 -0.4510 -0.7381 
0.0375 -0.4118 -0.6923 
0.0375 -0.3725 -0.6230 
0.0375 -0.3333 -0.5219 
0.0375 -0.2941 -0.3887 
0.0375 -0.2549 -0.2804 
0.0375 -0.2157 -0.1926 
0.0375 -0.1765 -0.1142 
0.0375 -0.1373 -0.0402 
0.0375 -0.0980 0.0324 
0.0375 -0.0588 0.1051 
0.0375 -0.0196 0.1783 
0.0375 0.0196 0.2520 
0.0375 0.0588 0.3254 
0.0375 0.0980 0.3977 
0.0375 0.1373 0.4677 
0.0375 0.1765 0.5343 
0.0375 0.2157 0.5963 
0.0375 0.2549 0.6525 
0.0375 0.2941 0.7019 
0.0375 0.3333 0.7434 
0.0375 0.3725 0.7761 
0.0375 0.4118 0.7993 
0.0375 0.4510 0.8125 
0.0375 0.4902 0.8153 
0.0375 0.5294 0.8075 
0.0375 0.5686 0.7891 
0.0375 0.6078 0.7604 
0.0375 0.6471 0.7217 
0.0375 0.6863 0.6737 
0.0375 0.7255 0.6172 
0.0375 0.7647 0.5532 
0.0375 0.8039 0.4828 
0.0375 0.8431 0.4049 
0.0375 0.8824 0.3202 
0.0375 0.9216 0.2291 
0.0375 0.9608 0.1305 
0.0375 1.0000 0.0000
 
0.0450 -1.0000 0.0000 
0.0450 -0.9608 -0.1248 
0.0450 -0.9216 -0.2194 
0.0450 -0.8824 -0.3066 
0.0450 -0.8431 -0.3873 
0.0450 -0.8039 -0.4618 
0.0450 -0.7647 -0.5292 
0.0450 -0.7255 -0.5888 
0.0450 -0.6863 -0.6394 
0.0450 -0.6471 -0.6799 
0.0450 -0.6078 -0.7091 
0.0450 -0.5686 -0.7258 
0.0450 -0.5294 -0.7287 
0.0450 -0.4902 -0.7162 
0.0450 -0.4510 -0.6864 
0.0450 -0.4118 -0.6365 
0.0450 -0.3725 -0.5629 
0.0450 -0.3333 -0.4575 
0.0450 -0.2941 -0.3207 
0.0450 -0.2549 -0.2108 
0.0450 -0.2157 -0.1237 
0.0450 -0.1765 -0.0481 
0.0450 -0.1373 0.0214 
0.0450 -0.0980 0.0880 
0.0450 -0.0588 0.1537 
0.0450 -0.0196 0.2192 
0.0450 0.0196 0.2848 
0.0450 0.0588 0.3501 
0.0450 0.0980 0.4144 
0.0450 0.1373 0.4767 
0.0450 0.1765 0.5361 
0.0450 0.2157 0.5913 
0.0450 0.2549 0.6415 
0.0450 0.2941 0.6854 
0.0450 0.3333 0.7221 
0.0450 0.3725 0.7509 
0.0450 0.4118 0.7710 
0.0450 0.4510 0.7818 
0.0450 0.4902 0.7831 
0.0450 0.5294 0.7746 
0.0450 0.5686 0.7562 
0.0450 0.6078 0.7284 
0.0450 0.6471 0.6913 
0.0450 0.6863 0.6455 
0.0450 0.7255 0.5919 
0.0450 0.7647 0.5314 
0.0450 0.8039 0.4648 
0.0450 0.8431 0.3907 
0.0450 0.8824 0.3097 
0.0450 0.9216 0.2220 
0.0450 0.9608 0.1266 
0.0450 1.0000 0.0000
 
0.0525 -1.0000 0.0000 
0.0525 -0.9608 -0.1202 
0.0525 -0.9216 -0.2112 
0.0525 -0.8824 -0.2947 
0.0525 -0.8431 -0.3718 
0.0525 -0.8039 -0.4425 
0.0525 -0.7647 -0.5062 
0.0525 -0.7255 -0.5620 
0.0525 -0.6863 -0.6090 
0.0525 -0.6471 -0.6460 
0.0525 -0.6078 -0.6718 
0.0525 -0.5686 -0.6851 
0.0525 -0.5294 -0.6846 
0.0525 -0.4902 -0.6686 
0.0525 -0.4510 -0.6352 
0.0525 -0.4118 -0.5816 
0.0525 -0.3725 -0.5042 
0.0525 -0.3333 -0.3954 
0.0525 -0.2941 -0.2559 
0.0525 -0.2549 -0.1451 
0.0525 -0.2157 -0.0590 
0.0525 -0.1765 0.0138 
0.0525 -0.1373 0.0789 
0.0525 -0.0980 0.1399 
0.0525 -0.0588 0.1991 
0.0525 -0.0196 0.2575 
0.0525 0.0196 0.3155 
0.0525 0.0588 0.3732 
0.0525 0.0980 0.4299 
0.0525 0.1373 0.4850 
0.0525 0.1765 0.5375 
0.0525 0.2157 0.5864 
0.0525 0.2549 0.6307 
0.0525 0.2941 0.6694 
0.0525 0.3333 0.7017 
0.0525 0.3725 0.7267 
0.0525 0.4118 0.7438 
0.0525 0.4510 0.7524 
0.0525 0.4902 0.7522 
0.0525 0.5294 0.7429 
0.0525 0.5686 0.7247 
0.0525 0.6078 0.6975 
0.0525 0.6471 0.6619 
0.0525 0.6863 0.6183 
0.0525 0.7255 0.5674 
0.0525 0.7647 0.5101 
0.0525 0.8039 0.4471 
0.0525 0.8431 0.3766 
0.0525 0.8824 0.2990 
0.0525 0.9216 0.2147 
0.0525 0.9608 0.1225 
0.0525 1.0000 0.0000
 
0.0600 -1.0000 0.0000 
0.0600 -0.9608 -0.1154 
0.0600 -0.9216 -0.2027 
0.0600 -0.8824 -0.2826 
0.0600 -0.8431 -0.3561 
0.0600 -0.8039 -0.4231 
0.0600 -0.7647 -0.4832 
0.0600 -0.7255 -0.5355 
0.0600 -0.6863 -0.5789 
0.0600 -0.6471 -0.6124 
0.0600 -0.6078 -0.6348 
0.0600 -0.5686 -0.6448 
0.0600 -0.5294 -0.6409 
0.0600 -0.4902 -0.6216 
0.0600 -0.4510 -0.5847 
0.0600 -0.4118 -0.5278 
0.0600 -0.3725 -0.4473 
0.0600 -0.3333 -0.3356 
0.0600 -0.2941 -0.1941 
0.0600 -0.2549 -0.0830 
0.0600 -0.2157 0.0017 
0.0600 -0.1765 0.0716 
0.0600 -0.1373 0.1325 
0.0600 -0.0980 0.1882 
0.0600 -0.0588 0.2412 
0.0600 -0.0196 0.2929 
0.0600 0.0196 0.3440 
0.0600 0.0588 0.3945 
0.0600 0.0980 0.4442 
0.0600 0.1373 0.4924 
0.0600 0.1765 0.5384 
0.0600 0.2157 0.5813 
0.0600 0.2549 0.6201 
0.0600 0.2941 0.6539 
0.0600 0.3333 0.6819 
0.0600 0.3725 0.7034 
0.0600 0.4118 0.7176 
0.0600 0.4510 0.7240 
0.0600 0.4902 0.7224 
0.0600 0.5294 0.7125 
0.0600 0.5686 0.6942 
0.0600 0.6078 0.6678 
0.0600 0.6471 0.6336 
0.0600 0.6863 0.5920 
0.0600 0.7255 0.5436 
0.0600 0.7647 0.4893 
0.0600 0.8039 0.4296 
0.0600 0.8431 0.3625 
0.0600 0.8824 0.2883 
0.0600 0.9216 0.2072 
0.0600 0.9608 0.1183 
0.0600 1.0000 0.0000
 
0.0675 -1.0000 0.0000 
0.0675 -0.9608 -0.1105 
0.0675 -0.9216 -0.1940 
0.0675 -0.8824 -0.2704 
0.0675 -0.8431 -0.3403 
0.0675 -0.8039 -0.4038 
0.0675 -0.7647 -0.4603 
0.0675 -0.7255 -0.5091 
0.0675 -0.6863 -0.5491 
0.0675 -0.6471 -0.5792 
0.0675 -0.6078 -0.5982 
0.0675 -0.5686 -0.6049 
0.0675 -0.5294 -0.5978 
0.0675 -0.4902 -0.5753 
0.0675 -0.4510 -0.5353 
0.0675 -0.4118 -0.4753 
0.0675 -0.3725 -0.3921 
0.0675 -0.3333 -0.2782 
0.0675 -0.2941 -0.1352 
0.0675 -0.2549 -0.0244 
0.0675 -0.2157 0.0586 
0.0675 -0.1765 0.1255 
0.0675 -0.1373 0.1823 
0.0675 -0.0980 0.2329 
0.0675 -0.0588 0.2802 
0.0675 -0.0196 0.3256 
0.0675 0.0196 0.3701 
0.0675 0.0588 0.4139 
0.0675 0.0980 0.4570 
0.0675 0.1373 0.4988 
0.0675 0.1765 0.5387 
0.0675 0.2157 0.5759 
0.0675 0.2549 0.6095 
0.0675 0.2941 0.6387 
0.0675 0.3333 0.6627 
0.0675 0.3725 0.6807 
0.0675 0.4118 0.6922 
0.0675 0.4510 0.6966 
0.0675 0.4902 0.6936 
0.0675 0.5294 0.6830 
0.0675 0.5686 0.6648 
0.0675 0.6078 0.6391 
0.0675 0.6471 0.6061 
0.0675 0.6863 0.5664 
0.0675 0.7255 0.5204 
0.0675 0.7647 0.4689 
0.0675 0.8039 0.4125 
0.0675 0.8431 0.3486 
0.0675 0.8824 0.2775 
0.0675 0.9216 0.1996 
0.0675 0.9608 0.1141 
0.0675 1.0000 0.0000
 
0.0750 -1.0000 0.0000 
0.0750 -0.9608 -0.1055 
0.0750 -0.9216 -0.1853 
0.0750 -0.8824 -0.2581 
0.0750 -0.8431 -0.3245 
0.0750 -0.8039 -0.3845 
0.0750 -0.7647 -0.4376 
0.0750 -0.7255 -0.4830 
0.0750 -0.6863 -0.5196 
0.0750 -0.6471 -0.5464 
0.0750 -0.6078 -0.5621 
0.0750 -0.5686 -0.5656 
0.0750 -0.5294 -0.5554 
0.0750 -0.4902 -0.5298 
0.0750 -0.4510 -0.4869 
0.0750 -0.4118 -0.4244 
0.0750 -0.3725 -0.3389 
0.0750 -0.3333 -0.2232 
0.0750 -0.2941 -0.0793 
0.0750 -0.2549 0.0309 
0.0750 -0.2157 0.1119 
0.0750 -0.1765 0.1757 
0.0750 -0.1373 0.2284 
0.0750 -0.0980 0.2742 
0.0750 -0.0588 0.3159 
0.0750 -0.0196 0.3554 
0.0750 0.0196 0.3938 
0.0750 0.0588 0.4314 
0.0750 0.0980 0.4682 
0.0750 0.1373 0.5040 
0.0750 0.1765 0.5382 
0.0750 0.2157 0.5701 
0.0750 0.2549 0.5988 
0.0750 0.2941 0.6237 
0.0750 0.3333 0.6438 
0.0750 0.3725 0.6587 
0.0750 0.4118 0.6676 
0.0750 0.4510 0.6701 
0.0750 0.4902 0.6658 
0.0750 0.5294 0.6546 
0.0750 0.5686 0.6364 
0.0750 0.6078 0.6113 
0.0750 0.6471 0.5795 
0.0750 0.6863 0.5415 
0.0750 0.7255 0.4977 
0.0750 0.7647 0.4490 
0.0750 0.8039 0.3957 
0.0750 0.8431 0.3348 
0.0750 0.8824 0.2669 
0.0750 0.9216 0.1922 
0.0750 0.9608 0.1098 
0.0750 1.0000 0.0000
 
0.0825 -1.0000 0.0000 
0.0825 -0.9608 -0.1005 
0.0825 -0.9216 -0.1765 
0.0825 -0.8824 -0.2457 
0.0825 -0.8431 -0.3087 
0.0825 -0.8039 -0.3653 
0.0825 -0.7647 -0.4150 
0.0825 -0.7255 -0.4570 
0.0825 -0.6863 -0.4904 
0.0825 -0.6471 -0.5139 
0.0825 -0.6078 -0.5266 
0.0825 -0.5686 -0.5270 
0.0825 -0.5294 -0.5138 
0.0825 -0.4902 -0.4854 
0.0825 -0.4510 -0.4399 
0.0825 -0.4118 -0.3750 
0.0825 -0.3725 -0.2876 
0.0825 -0.3333 -0.1707 
0.0825 -0.2941 -0.0264 
0.0825 -0.2549 0.0829 
0.0825 -0.2157 0.1616 
0.0825 -0.1765 0.2222 
0.0825 -0.1373 0.2708 
0.0825 -0.0980 0.3119 
0.0825 -0.0588 0.3484 
0.0825 -0.0196 0.3824 
0.0825 0.0196 0.4149 
0.0825 0.0588 0.4467 
0.0825 0.0980 0.4778 
0.0825 0.1373 0.5080 
0.0825 0.1765 0.5369 
0.0825 0.2157 0.5638 
0.0825 0.2549 0.5879 
0.0825 0.2941 0.6087 
0.0825 0.3333 0.6253 
0.0825 0.3725 0.6371 
0.0825 0.4118 0.6436 
0.0825 0.4510 0.6443 
0.0825 0.4902 0.6388 
0.0825 0.5294 0.6270 
0.0825 0.5686 0.6088 
0.0825 0.6078 0.5842 
0.0825 0.6471 0.5536 
0.0825 0.6863 0.5173 
0.0825 0.7255 0.4756 
0.0825 0.7647 0.4295 
0.0825 0.8039 0.3792 
0.0825 0.8431 0.3213 
0.0825 0.8824 0.2564 
0.0825 0.9216 0.1847 
0.0825 0.9608 0.1056 
0.0825 1.0000 0.0000
 
0.0900 -1.0000 0.0000 
0.0900 -0.9608 -0.0955 
0.0900 -0.9216 -0.1678 
0.0900 -0.8824 -0.2335 
0.0900 -0.8431 -0.2930 
0.0900 -0.8039 -0.3463 
0.0900 -0.7647 -0.3927 
0.0900 -0.7255 -0.4314 
0.0900 -0.6863 -0.4615 
0.0900 -0.6471 -0.4820 
0.0900 -0.6078 -0.4916 
0.0900 -0.5686 -0.4890 
0.0900 -0.5294 -0.4730 
0.0900 -0.4902 -0.4420 
0.0900 -0.4510 -0.3941 
0.0900 -0.4118 -0.3273 
0.0900 -0.3725 -0.2384 
0.0900 -0.3333 -0.1206 
0.0900 -0.2941 0.0236 
0.0900 -0.2549 0.1314 
0.0900 -0.2157 0.2077 
0.0900 -0.1765 0.2649 
0.0900 -0.1373 0.3095 
0.0900 -0.0980 0.3461 
0.0900 -0.0588 0.3776 
0.0900 -0.0196 0.4064 
0.0900 0.0196 0.4336 
0.0900 0.0588 0.4599 
0.0900 0.0980 0.4857 
0.0900 0.1373 0.5107 
0.0900 0.1765 0.5346 
0.0900 0.2157 0.5568 
0.0900 0.2549 0.5768 
0.0900 0.2941 0.5937 
0.0900 0.3333 0.6070 
0.0900 0.3725 0.6160 
0.0900 0.4118 0.6202 
0.0900 0.4510 0.6191 
0.0900 0.4902 0.6125 
0.0900 0.5294 0.6001 
0.0900 0.5686 0.5819 
0.0900 0.6078 0.5579 
0.0900 0.6471 0.5284 
0.0900 0.6863 0.4936 
0.0900 0.7255 0.4541 
0.0900 0.7647 0.4104 
0.0900 0.8039 0.3630 
0.0900 0.8431 0.3080 
0.0900 0.8824 0.2461 
0.0900 0.9216 0.1774 
0.0900 0.9608 0.1015 
0.0900 1.0000 0.0000
 
0.0975 -1.0000 0.0000 
0.0975 -0.9608 -0.0906 
0.0975 -0.9216 -0.1591 
0.0975 -0.8824 -0.2212 
0.0975 -0.8431 -0.2774 
0.0975 -0.8039 -0.3274 
0.0975 -0.7647 -0.3705 
0.0975 -0.7255 -0.4061 
0.0975 -0.6863 -0.4331 
0.0975 -0.6471 -0.4505 
0.0975 -0.6078 -0.4572 
0.0975 -0.5686 -0.4519 
0.0975 -0.5294 -0.4333 
0.0975 -0.4902 -0.3998 
0.0975 -0.4510 -0.3499 
0.0975 -0.4118 -0.2813 
0.0975 -0.3725 -0.1913 
0.0975 -0.3333 -0.0731 
0.0975 -0.2941 0.0704 
0.0975 -0.2549 0.1765 
0.0975 -0.2157 0.2501 
0.0975 -0.1765 0.3039 
0.0975 -0.1373 0.3445 
0.0975 -0.0980 0.3767 
0.0975 -0.0588 0.4036 
0.0975 -0.0196 0.4274 
0.0975 0.0196 0.4496 
0.0975 0.0588 0.4709 
0.0975 0.0980 0.4917 
0.0975 0.1373 0.5119 
0.0975 0.1765 0.5313 
0.0975 0.2157 0.5492 
0.0975 0.2549 0.5652 
0.0975 0.2941 0.5786 
0.0975 0.3333 0.5888 
0.0975 0.3725 0.5952 
0.0975 0.4118 0.5972 
0.0975 0.4510 0.5946 
0.0975 0.4902 0.5869 
0.0975 0.5294 0.5739 
0.0975 0.5686 0.5557 
0.0975 0.6078 0.5323 
0.0975 0.6471 0.5038 
0.0975 0.6863 0.4705 
0.0975 0.7255 0.4329 
0.0975 0.7647 0.3917 
0.0975 0.8039 0.3471 
0.0975 0.8431 0.2950 
0.0975 0.8824 0.2359 
0.0975 0.9216 0.1702 
0.0975 0.9608 0.0974 
0.0975 1.0000 0.0000
 
0.1050 -1.0000 0.0000 
0.1050 -0.9608 -0.0856 
0.1050 -0.9216 -0.1504 
0.1050 -0.8824 -0.2091 
0.1050 -0.8431 -0.2619 
0.1050 -0.8039 -0.3087 
0.1050 -0.7647 -0.3487 
0.1050 -0.7255 -0.3812 
0.1050 -0.6863 -0.4052 
0.1050 -0.6471 -0.4196 
0.1050 -0.6078 -0.4235 
0.1050 -0.5686 -0.4156 
0.1050 -0.5294 -0.3945 
0.1050 -0.4902 -0.3589 
0.1050 -0.4510 -0.3071 
0.1050 -0.4118 -0.2372 
0.1050 -0.3725 -0.1464 
0.1050 -0.3333 -0.0283 
0.1050 -0.2941 0.1141 
0.1050 -0.2549 0.2180 
0.1050 -0.2157 0.2887 
0.1050 -0.1765 0.3390 
0.1050 -0.1373 0.3757 
0.1050 -0.0980 0.4037 
0.1050 -0.0588 0.4261 
0.1050 -0.0196 0.4454 
0.1050 0.0196 0.4629 
0.1050 0.0588 0.4796 
0.1050 0.0980 0.4959 
0.1050 0.1373 0.5117 
0.1050 0.1765 0.5268 
0.1050 0.2157 0.5408 
0.1050 0.2549 0.5532 
0.1050 0.2941 0.5633 
0.1050 0.3333 0.5706 
0.1050 0.3725 0.5745 
0.1050 0.4118 0.5746 
0.1050 0.4510 0.5705 
0.1050 0.4902 0.5618 
0.1050 0.5294 0.5483 
0.1050 0.5686 0.5301 
0.1050 0.6078 0.5072 
0.1050 0.6471 0.4797 
0.1050 0.6863 0.4479 
0.1050 0.7255 0.4122 
0.1050 0.7647 0.3734 
0.1050 0.8039 0.3315 
0.1050 0.8431 0.2822 
0.1050 0.8824 0.2259 
0.1050 0.9216 0.1631 
0.1050 0.9608 0.0934 
0.1050 1.0000 0.0000
 
0.1125 -1.0000 0.0000 
0.1125 -0.9608 -0.0808 
0.1125 -0.9216 -0.1419 
0.1125 -0.8824 -0.1971 
0.1125 -0.8431 -0.2466 
0.1125 -0.8039 -0.2902 
0.1125 -0.7647 -0.3271 
0.1125 -0.7255 -0.3566 
0.1125 -0.6863 -0.3777 
0.1125 -0.6471 -0.3894 
0.1125 -0.6078 -0.3906 
0.1125 -0.5686 -0.3802 
0.1125 -0.5294 -0.3569 
0.1125 -0.4902 -0.3193 
0.1125 -0.4510 -0.2660 
0.1125 -0.4118 -0.1950 
0.1125 -0.3725 -0.1038 
0.1125 -0.3333 0.0138 
0.1125 -0.2941 0.1545 
0.1125 -0.2549 0.2558 
0.1125 -0.2157 0.3234 
0.1125 -0.1765 0.3701 
0.1125 -0.1373 0.4030 
0.1125 -0.0980 0.4269 
0.1125 -0.0588 0.4452 
0.1125 -0.0196 0.4602 
0.1125 0.0196 0.4735 
0.1125 0.0588 0.4860 
0.1125 0.0980 0.4980 
0.1125 0.1373 0.5098 
0.1125 0.1765 0.5211 
0.1125 0.2157 0.5315 
0.1125 0.2549 0.5406 
0.1125 0.2941 0.5477 
0.1125 0.3333 0.5524 
0.1125 0.3725 0.5541 
0.1125 0.4118 0.5523 
0.1125 0.4510 0.5468 
0.1125 0.4902 0.5371 
0.1125 0.5294 0.5233 
0.1125 0.5686 0.5051 
0.1125 0.6078 0.4826 
0.1125 0.6471 0.4561 
0.1125 0.6863 0.4257 
0.1125 0.7255 0.3919 
0.1125 0.7647 0.3553 
0.1125 0.8039 0.3162 
0.1125 0.8431 0.2696 
0.1125 0.8824 0.2160 
0.1125 0.9216 0.1561 
0.1125 0.9608 0.0894 
0.1125 1.0000 0.0000
 
0.1200 -1.0000 0.0000 
0.1200 -0.9608 -0.0760 
0.1200 -0.9216 -0.1334 
0.1200 -0.8824 -0.1853 
0.1200 -0.8431 -0.2316 
0.1200 -0.8039 -0.2720 
0.1200 -0.7647 -0.3059 
0.1200 -0.7255 -0.3325 
0.1200 -0.6863 -0.3508 
0.1200 -0.6471 -0.3598 
0.1200 -0.6078 -0.3585 
0.1200 -0.5686 -0.3458 
0.1200 -0.5294 -0.3204 
0.1200 -0.4902 -0.2812 
0.1200 -0.4510 -0.2265 
0.1200 -0.4118 -0.1548 
0.1200 -0.3725 -0.0636 
0.1200 -0.3333 0.0529 
0.1200 -0.2941 0.1913 
0.1200 -0.2549 0.2897 
0.1200 -0.2157 0.3540 
0.1200 -0.1765 0.3971 
0.1200 -0.1373 0.4263 
0.1200 -0.0980 0.4464 
0.1200 -0.0588 0.4608 
0.1200 -0.0196 0.4719 
0.1200 0.0196 0.4813 
0.1200 0.0588 0.4899 
0.1200 0.0980 0.4982 
0.1200 0.1373 0.5064 
0.1200 0.1765 0.5142 
0.1200 0.2157 0.5214 
0.1200 0.2549 0.5274 
0.1200 0.2941 0.5318 
0.1200 0.3333 0.5340 
0.1200 0.3725 0.5337 
0.1200 0.4118 0.5302 
0.1200 0.4510 0.5234 
0.1200 0.4902 0.5129 
0.1200 0.5294 0.4986 
0.1200 0.5686 0.4805 
0.1200 0.6078 0.4585 
0.1200 0.6471 0.4329 
0.1200 0.6863 0.4039 
0.1200 0.7255 0.3719 
0.1200 0.7647 0.3376 
0.1200 0.8039 0.3011 
0.1200 0.8431 0.2572 
0.1200 0.8824 0.2064 
0.1200 0.9216 0.1492 
0.1200 0.9608 0.0855 
0.1200 1.0000 0.0000
 
0.1275 -1.0000 0.0000 
0.1275 -0.9608 -0.0712 
0.1275 -0.9216 -0.1251 
0.1275 -0.8824 -0.1736 
0.1275 -0.8431 -0.2167 
0.1275 -0.8039 -0.2542 
0.1275 -0.7647 -0.2851 
0.1275 -0.7255 -0.3089 
0.1275 -0.6863 -0.3245 
0.1275 -0.6471 -0.3310 
0.1275 -0.6078 -0.3273 
0.1275 -0.5686 -0.3124 
0.1275 -0.5294 -0.2852 
0.1275 -0.4902 -0.2445 
0.1275 -0.4510 -0.1889 
0.1275 -0.4118 -0.1168 
0.1275 -0.3725 -0.0260 
0.1275 -0.3333 0.0890 
0.1275 -0.2941 0.2245 
0.1275 -0.2549 0.3196 
0.1275 -0.2157 0.3803 
0.1275 -0.1765 0.4199 
0.1275 -0.1373 0.4455 
0.1275 -0.0980 0.4619 
0.1275 -0.0588 0.4727 
0.1275 -0.0196 0.4803 
0.1275 0.0196 0.4862 
0.1275 0.0588 0.4914 
0.1275 0.0980 0.4964 
0.1275 0.1373 0.5013 
0.1275 0.1765 0.5060 
0.1275 0.2157 0.5102 
0.1275 0.2549 0.5135 
0.1275 0.2941 0.5155 
0.1275 0.3333 0.5155 
0.1275 0.3725 0.5133 
0.1275 0.4118 0.5083 
0.1275 0.4510 0.5003 
0.1275 0.4902 0.4891 
0.1275 0.5294 0.4744 
0.1275 0.5686 0.4563 
0.1275 0.6078 0.4348 
0.1275 0.6471 0.4101 
0.1275 0.6863 0.3824 
0.1275 0.7255 0.3521 
0.1275 0.7647 0.3201 
0.1275 0.8039 0.2862 
0.1275 0.8431 0.2450 
0.1275 0.8824 0.1969 
0.1275 0.9216 0.1425 
0.1275 0.9608 0.0817 
0.1275 1.0000 0.0000
 
0.1350 -1.0000 0.0000 
0.1350 -0.9608 -0.0666 
0.1350 -0.9216 -0.1169 
0.1350 -0.8824 -0.1622 
0.1350 -0.8431 -0.2022 
0.1350 -0.8039 -0.2366 
0.1350 -0.7647 -0.2648 
0.1350 -0.7255 -0.2858 
0.1350 -0.6863 -0.2988 
0.1350 -0.6471 -0.3029 
0.1350 -0.6078 -0.2970 
0.1350 -0.5686 -0.2802 
0.1350 -0.5294 -0.2514 
0.1350 -0.4902 -0.2095 
0.1350 -0.4510 -0.1531 
0.1350 -0.4118 -0.0810 
0.1350 -0.3725 0.0090 
0.1350 -0.3333 0.1219 
0.1350 -0.2941 0.2537 
0.1350 -0.2549 0.3451 
0.1350 -0.2157 0.4022 
0.1350 -0.1765 0.4382 
0.1350 -0.1373 0.4603 
0.1350 -0.0980 0.4734 
0.1350 -0.0588 0.4810 
0.1350 -0.0196 0.4854 
0.1350 0.0196 0.4882 
0.1350 0.0588 0.4904 
0.1350 0.0980 0.4924 
0.1350 0.1373 0.4945 
0.1350 0.1765 0.4965 
0.1350 0.2157 0.4981 
0.1350 0.2549 0.4990 
0.1350 0.2941 0.4987 
0.1350 0.3333 0.4968 
0.1350 0.3725 0.4929 
0.1350 0.4118 0.4865 
0.1350 0.4510 0.4775 
0.1350 0.4902 0.4655 
0.1350 0.5294 0.4505 
0.1350 0.5686 0.4324 
0.1350 0.6078 0.4114 
0.1350 0.6471 0.3876 
0.1350 0.6863 0.3612 
0.1350 0.7255 0.3327 
0.1350 0.7647 0.3028 
0.1350 0.8039 0.2716 
0.1350 0.8431 0.2330 
0.1350 0.8824 0.1875 
0.1350 0.9216 0.1358 
0.1350 0.9608 0.0779 
0.1350 1.0000 0.0000
 
0.1425 -1.0000 0.0000 
0.1425 -0.9608 -0.0620 
0.1425 -0.9216 -0.1089 
0.1425 -0.8824 -0.1509 
0.1425 -0.8431 -0.1880 
0.1425 -0.8039 -0.2195 
0.1425 -0.7647 -0.2449 
0.1425 -0.7255 -0.2633 
0.1425 -0.6863 -0.2739 
0.1425 -0.6471 -0.2757 
0.1425 -0.6078 -0.2678 
0.1425 -0.5686 -0.2492 
0.1425 -0.5294 -0.2190 
0.1425 -0.4902 -0.1761 
0.1425 -0.4510 -0.1194 
0.1425 -0.4118 -0.0475 
0.1425 -0.3725 0.0411 
0.1425 -0.3333 0.1514 
0.1425 -0.2941 0.2789 
0.1425 -0.2549 0.3660 
0.1425 -0.2157 0.4193 
0.1425 -0.1765 0.4518 
0.1425 -0.1373 0.4707 
0.1425 -0.0980 0.4808 
0.1425 -0.0588 0.4855 
0.1425 -0.0196 0.4871 
0.1425 0.0196 0.4873 
0.1425 0.0588 0.4869 
0.1425 0.0980 0.4864 
0.1425 0.1373 0.4860 
0.1425 0.1765 0.4856 
0.1425 0.2157 0.4850 
0.1425 0.2549 0.4838 
0.1425 0.2941 0.4815 
0.1425 0.3333 0.4778 
0.1425 0.3725 0.4724 
0.1425 0.4118 0.4648 
0.1425 0.4510 0.4548 
0.1425 0.4902 0.4421 
0.1425 0.5294 0.4269 
0.1425 0.5686 0.4089 
0.1425 0.6078 0.3883 
0.1425 0.6471 0.3653 
0.1425 0.6863 0.3402 
0.1425 0.7255 0.3134 
0.1425 0.7647 0.2857 
0.1425 0.8039 0.2571 
0.1425 0.8431 0.2211 
0.1425 0.8824 0.1782 
0.1425 0.9216 0.1292 
0.1425 0.9608 0.0742 
0.1425 1.0000 0.0000
 
0.1500 -1.0000 0.0000 
0.1500 -0.9608 -0.0575 
0.1500 -0.9216 -0.1011 
0.1500 -0.8824 -0.1400 
0.1500 -0.8431 -0.1741 
0.1500 -0.8039 -0.2028 
0.1500 -0.7647 -0.2256 
0.1500 -0.7255 -0.2415 
0.1500 -0.6863 -0.2497 
0.1500 -0.6471 -0.2494 
0.1500 -0.6078 -0.2396 
0.1500 -0.5686 -0.2195 
0.1500 -0.5294 -0.1881 
0.1500 -0.4902 -0.1445 
0.1500 -0.4510 -0.0877 
0.1500 -0.4118 -0.0166 
0.1500 -0.3725 0.0703 
0.1500 -0.3333 0.1772 
0.1500 -0.2941 0.2996 
0.1500 -0.2549 0.3821 
0.1500 -0.2157 0.4315 
0.1500 -0.1765 0.4606 
0.1500 -0.1373 0.4765 
0.1500 -0.0980 0.4838 
0.1500 -0.0588 0.4861 
0.1500 -0.0196 0.4854 
0.1500 0.0196 0.4834 
0.1500 0.0588 0.4808 
0.1500 0.0980 0.4783 
0.1500 0.1373 0.4758 
0.1500 0.1765 0.4734 
0.1500 0.2157 0.4708 
0.1500 0.2549 0.4677 
0.1500 0.2941 0.4638 
0.1500 0.3333 0.4586 
0.1500 0.3725 0.4518 
0.1500 0.4118 0.4430 
0.1500 0.4510 0.4322 
0.1500 0.4902 0.4190 
0.1500 0.5294 0.4034 
0.1500 0.5686 0.3855 
0.1500 0.6078 0.3654 
0.1500 0.6471 0.3432 
0.1500 0.6863 0.3194 
0.1500 0.7255 0.2942 
0.1500 0.7647 0.2687 
0.1500 0.8039 0.2428 
0.1500 0.8431 0.2094 
0.1500 0.8824 0.1690 
0.1500 0.9216 0.1227 
0.1500 0.9608 0.0705 
0.1500 1.0000 0.0000
 
0.1575 -1.0000 0.0000 
0.1575 -0.9608 -0.0532 
0.1575 -0.9216 -0.0935 
0.1575 -0.8824 -0.1293 
0.1575 -0.8431 -0.1605 
0.1575 -0.8039 -0.1866 
0.1575 -0.7647 -0.2068 
0.1575 -0.7255 -0.2203 
0.1575 -0.6863 -0.2264 
0.1575 -0.6471 -0.2241 
0.1575 -0.6078 -0.2126 
0.1575 -0.5686 -0.1912 
0.1575 -0.5294 -0.1588 
0.1575 -0.4902 -0.1148 
0.1575 -0.4510 -0.0583 
0.1575 -0.4118 0.0117 
0.1575 -0.3725 0.0963 
0.1575 -0.3333 0.1992 
0.1575 -0.2941 0.3156 
0.1575 -0.2549 0.3931 
0.1575 -0.2157 0.4385 
0.1575 -0.1765 0.4643 
0.1575 -0.1373 0.4775 
0.1575 -0.0980 0.4826 
0.1575 -0.0588 0.4828 
0.1575 -0.0196 0.4803 
0.1575 0.0196 0.4765 
0.1575 0.0588 0.4723 
0.1575 0.0980 0.4680 
0.1575 0.1373 0.4639 
0.1575 0.1765 0.4599 
0.1575 0.2157 0.4556 
0.1575 0.2549 0.4510 
0.1575 0.2941 0.4456 
0.1575 0.3333 0.4390 
0.1575 0.3725 0.4310 
0.1575 0.4118 0.4213 
0.1575 0.4510 0.4097 
0.1575 0.4902 0.3960 
0.1575 0.5294 0.3802 
0.1575 0.5686 0.3624 
0.1575 0.6078 0.3427 
0.1575 0.6471 0.3213 
0.1575 0.6863 0.2987 
0.1575 0.7255 0.2751 
0.1575 0.7647 0.2518 
0.1575 0.8039 0.2285 
0.1575 0.8431 0.1977 
0.1575 0.8824 0.1600 
0.1575 0.9216 0.1163 
0.1575 0.9608 0.0668 
0.1575 1.0000 0.0000
 
0.1650 -1.0000 0.0000 
0.1650 -0.9608 -0.0490 
0.1650 -0.9216 -0.0860 
0.1650 -0.8824 -0.1190 
0.1650 -0.8431 -0.1474 
0.1650 -0.8039 -0.1708 
0.1650 -0.7647 -0.1886 
0.1650 -0.7255 -0.1999 
0.1650 -0.6863 -0.2039 
0.1650 -0.6471 -0.1998 
0.1650 -0.6078 -0.1869 
0.1650 -0.5686 -0.1643 
0.1650 -0.5294 -0.1313 
0.1650 -0.4902 -0.0872 
0.1650 -0.4510 -0.0313 
0.1650 -0.4118 0.0371 
0.1650 -0.3725 0.1189 
0.1650 -0.3333 0.2171 
0.1650 -0.2941 0.3266 
0.1650 -0.2549 0.3986 
0.1650 -0.2157 0.4400 
0.1650 -0.1765 0.4628 
0.1650 -0.1373 0.4736 
0.1650 -0.0980 0.4769 
0.1650 -0.0588 0.4756 
0.1650 -0.0196 0.4718 
0.1650 0.0196 0.4667 
0.1650 0.0588 0.4612 
0.1650 0.0980 0.4557 
0.1650 0.1373 0.4503 
0.1650 0.1765 0.4449 
0.1650 0.2157 0.4394 
0.1650 0.2549 0.4335 
0.1650 0.2941 0.4268 
0.1650 0.3333 0.4191 
0.1650 0.3725 0.4101 
0.1650 0.4118 0.3995 
0.1650 0.4510 0.3872 
0.1650 0.4902 0.3731 
0.1650 0.5294 0.3571 
0.1650 0.5686 0.3394 
0.1650 0.6078 0.3201 
0.1650 0.6471 0.2995 
0.1650 0.6863 0.2780 
0.1650 0.7255 0.2561 
0.1650 0.7647 0.2349 
0.1650 0.8039 0.2143 
0.1650 0.8431 0.1862 
0.1650 0.8824 0.1509 
0.1650 0.9216 0.1099 
0.1650 0.9608 0.0632 
0.1650 1.0000 0.0000
 
0.1725 -1.0000 0.0000 
0.1725 -0.9608 -0.0449 
0.1725 -0.9216 -0.0789 
0.1725 -0.8824 -0.1089 
0.1725 -0.8431 -0.1347 
0.1725 -0.8039 -0.1557 
0.1725 -0.7647 -0.1711 
0.1725 -0.7255 -0.1802 
0.1725 -0.6863 -0.1823 
0.1725 -0.6471 -0.1766 
0.1725 -0.6078 -0.1624 
0.1725 -0.5686 -0.1389 
0.1725 -0.5294 -0.1055 
0.1725 -0.4902 -0.0616 
0.1725 -0.4510 -0.0067 
0.1725 -0.4118 0.0596 
0.1725 -0.3725 0.1380 
0.1725 -0.3333 0.2307 
0.1725 -0.2941 0.3322 
0.1725 -0.2549 0.3984 
0.1725 -0.2157 0.4358 
0.1725 -0.1765 0.4558 
0.1725 -0.1373 0.4648 
0.1725 -0.0980 0.4667 
0.1725 -0.0588 0.4644 
0.1725 -0.0196 0.4598 
0.1725 0.0196 0.4540 
0.1725 0.0588 0.4478 
0.1725 0.0980 0.4414 
0.1725 0.1373 0.4351 
0.1725 0.1765 0.4287 
0.1725 0.2157 0.4222 
0.1725 0.2549 0.4152 
0.1725 0.2941 0.4075 
0.1725 0.3333 0.3988 
0.1725 0.3725 0.3890 
0.1725 0.4118 0.3777 
0.1725 0.4510 0.3648 
0.1725 0.4902 0.3503 
0.1725 0.5294 0.3342 
0.1725 0.5686 0.3165 
0.1725 0.6078 0.2976 
0.1725 0.6471 0.2778 
0.1725 0.6863 0.2574 
0.1725 0.7255 0.2371 
0.1725 0.7647 0.2180 
0.1725 0.8039 0.2001 
0.1725 0.8431 0.1746 
0.1725 0.8824 0.1420 
0.1725 0.9216 0.1035 
0.1725 0.9608 0.0596 
0.1725 1.0000 0.0000
 
0.1800 -1.0000 0.0000 
0.1800 -0.9608 -0.0410 
0.1800 -0.9216 -0.0719 
0.1800 -0.8824 -0.0993 
0.1800 -0.8431 -0.1225 
0.1800 -0.8039 -0.1410 
0.1800 -0.7647 -0.1543 
0.1800 -0.7255 -0.1614 
0.1800 -0.6863 -0.1618 
0.1800 -0.6471 -0.1547 
0.1800 -0.6078 -0.1393 
0.1800 -0.5686 -0.1152 
0.1800 -0.5294 -0.0817 
0.1800 -0.4902 -0.0384 
0.1800 -0.4510 0.0151 
0.1800 -0.4118 0.0790 
0.1800 -0.3725 0.1533 
0.1800 -0.3333 0.2396 
0.1800 -0.2941 0.3323 
0.1800 -0.2549 0.3921 
0.1800 -0.2157 0.4256 
0.1800 -0.1765 0.4433 
0.1800 -0.1373 0.4509 
0.1800 -0.0980 0.4520 
0.1800 -0.0588 0.4494 
0.1800 -0.0196 0.4445 
0.1800 0.0196 0.4385 
0.1800 0.0588 0.4319 
0.1800 0.0980 0.4251 
0.1800 0.1373 0.4182 
0.1800 0.1765 0.4112 
0.1800 0.2157 0.4039 
0.1800 0.2549 0.3961 
0.1800 0.2941 0.3877 
0.1800 0.3333 0.3782 
0.1800 0.3725 0.3676 
0.1800 0.4118 0.3557 
0.1800 0.4510 0.3424 
0.1800 0.4902 0.3275 
0.1800 0.5294 0.3113 
0.1800 0.5686 0.2938 
0.1800 0.6078 0.2752 
0.1800 0.6471 0.2561 
0.1800 0.6863 0.2368 
0.1800 0.7255 0.2180 
0.1800 0.7647 0.2011 
0.1800 0.8039 0.1859 
0.1800 0.8431 0.1631 
0.1800 0.8824 0.1330 
0.1800 0.9216 0.0972 
0.1800 0.9608 0.0560 
0.1800 1.0000 0.0000
 
0.1875 -1.0000 0.0000 
0.1875 -0.9608 -0.0372 
0.1875 -0.9216 -0.0653 
0.1875 -0.8824 -0.0900 
0.1875 -0.8431 -0.1107 
0.1875 -0.8039 -0.1270 
0.1875 -0.7647 -0.1382 
0.1875 -0.7255 -0.1435 
0.1875 -0.6863 -0.1423 
0.1875 -0.6471 -0.1339 
0.1875 -0.6078 -0.1177 
0.1875 -0.5686 -0.0932 
0.1875 -0.5294 -0.0599 
0.1875 -0.4902 -0.0174 
0.1875 -0.4510 0.0342 
0.1875 -0.4118 0.0950 
0.1875 -0.3725 0.1647 
0.1875 -0.3333 0.2437 
0.1875 -0.2941 0.3264 
0.1875 -0.2549 0.3796 
0.1875 -0.2157 0.4095 
0.1875 -0.1765 0.4252 
0.1875 -0.1373 0.4320 
0.1875 -0.0980 0.4330 
0.1875 -0.0588 0.4305 
0.1875 -0.0196 0.4260 
0.1875 0.0196 0.4202 
0.1875 0.0588 0.4138 
0.1875 0.0980 0.4069 
0.1875 0.1373 0.3998 
0.1875 0.1765 0.3925 
0.1875 0.2157 0.3847 
0.1875 0.2549 0.3764 
0.1875 0.2941 0.3673 
0.1875 0.3333 0.3573 
0.1875 0.3725 0.3461 
0.1875 0.4118 0.3337 
0.1875 0.4510 0.3199 
0.1875 0.4902 0.3048 
0.1875 0.5294 0.2885 
0.1875 0.5686 0.2710 
0.1875 0.6078 0.2528 
0.1875 0.6471 0.2343 
0.1875 0.6863 0.2160 
0.1875 0.7255 0.1988 
0.1875 0.7647 0.1840 
0.1875 0.8039 0.1717 
0.1875 0.8431 0.1515 
0.1875 0.8824 0.1240 
0.1875 0.9216 0.0908 
0.1875 0.9608 0.0524 
0.1875 1.0000 0.0000
 
0.1950 -1.0000 0.0000 
0.1950 -0.9608 -0.0336 
0.1950 -0.9216 -0.0589 
0.1950 -0.8824 -0.0811 
0.1950 -0.8431 -0.0995 
0.1950 -0.8039 -0.1137 
0.1950 -0.7647 -0.1230 
0.1950 -0.7255 -0.1266 
0.1950 -0.6863 -0.1240 
0.1950 -0.6471 -0.1145 
0.1950 -0.6078 -0.0977 
0.1950 -0.5686 -0.0730 
0.1950 -0.5294 -0.0402 
0.1950 -0.4902 0.0009 
0.1950 -0.4510 0.0503 
0.1950 -0.4118 0.1075 
0.1950 -0.3725 0.1718 
0.1950 -0.3333 0.2428 
0.1950 -0.2941 0.3145 
0.1950 -0.2549 0.3607 
0.1950 -0.2157 0.3871 
0.1950 -0.1765 0.4015 
0.1950 -0.1373 0.4081 
0.1950 -0.0980 0.4097 
0.1950 -0.0588 0.4081 
0.1950 -0.0196 0.4044 
0.1950 0.0196 0.3994 
0.1950 0.0588 0.3935 
0.1950 0.0980 0.3870 
0.1950 0.1373 0.3800 
0.1950 0.1765 0.3725 
0.1950 0.2157 0.3645 
0.1950 0.2549 0.3559 
0.1950 0.2941 0.3464 
0.1950 0.3333 0.3359 
0.1950 0.3725 0.3244 
0.1950 0.4118 0.3116 
0.1950 0.4510 0.2975 
0.1950 0.4902 0.2822 
0.1950 0.5294 0.2658 
0.1950 0.5686 0.2484 
0.1950 0.6078 0.2305 
0.1950 0.6471 0.2126 
0.1950 0.6863 0.1952 
0.1950 0.7255 0.1794 
0.1950 0.7647 0.1667 
0.1950 0.8039 0.1573 
0.1950 0.8431 0.1399 
0.1950 0.8824 0.1151 
0.1950 0.9216 0.0845 
0.1950 0.9608 0.0488 
0.1950 1.0000 0.0000
 
0.2025 -1.0000 0.0000 
0.2025 -0.9608 -0.0301 
0.2025 -0.9216 -0.0529 
0.2025 -0.8824 -0.0726 
0.2025 -0.8431 -0.0889 
0.2025 -0.8039 -0.1011 
0.2025 -0.7647 -0.1085 
0.2025 -0.7255 -0.1107 
0.2025 -0.6863 -0.1068 
0.2025 -0.6471 -0.0965 
0.2025 -0.6078 -0.0793 
0.2025 -0.5686 -0.0548 
0.2025 -0.5294 -0.0228 
0.2025 -0.4902 0.0167 
0.2025 -0.4510 0.0633 
0.2025 -0.4118 0.1163 
0.2025 -0.3725 0.1747 
0.2025 -0.3333 0.2366 
0.2025 -0.2941 0.2962 
0.2025 -0.2549 0.3353 
0.2025 -0.2157 0.3587 
0.2025 -0.1765 0.3723 
0.2025 -0.1373 0.3795 
0.2025 -0.0980 0.3824 
0.2025 -0.0588 0.3822 
0.2025 -0.0196 0.3800 
0.2025 0.0196 0.3762 
0.2025 0.0588 0.3712 
0.2025 0.0980 0.3654 
0.2025 0.1373 0.3588 
0.2025 0.1765 0.3515 
0.2025 0.2157 0.3434 
0.2025 0.2549 0.3346 
0.2025 0.2941 0.3249 
0.2025 0.3333 0.3142 
0.2025 0.3725 0.3024 
0.2025 0.4118 0.2894 
0.2025 0.4510 0.2751 
0.2025 0.4902 0.2596 
0.2025 0.5294 0.2431 
0.2025 0.5686 0.2259 
0.2025 0.6078 0.2082 
0.2025 0.6471 0.1908 
0.2025 0.6863 0.1743 
0.2025 0.7255 0.1598 
0.2025 0.7647 0.1493 
0.2025 0.8039 0.1428 
0.2025 0.8431 0.1282 
0.2025 0.8824 0.1060 
0.2025 0.9216 0.0781 
0.2025 0.9608 0.0451 
0.2025 1.0000 0.0000
 
0.2100 -1.0000 0.0000 
0.2100 -0.9608 -0.0269 
0.2100 -0.9216 -0.0472 
0.2100 -0.8824 -0.0647 
0.2100 -0.8431 -0.0789 
0.2100 -0.8039 -0.0892 
0.2100 -0.7647 -0.0950 
0.2100 -0.7255 -0.0958 
0.2100 -0.6863 -0.0910 
0.2100 -0.6471 -0.0800 
0.2100 -0.6078 -0.0626 
0.2100 -0.5686 -0.0386 
0.2100 -0.5294 -0.0077 
0.2100 -0.4902 0.0297 
0.2100 -0.4510 0.0730 
0.2100 -0.4118 0.1214 
0.2100 -0.3725 0.1730 
0.2100 -0.3333 0.2250 
0.2100 -0.2941 0.2715 
0.2100 -0.2549 0.3035 
0.2100 -0.2157 0.3244 
0.2100 -0.1765 0.3381 
0.2100 -0.1373 0.3466 
0.2100 -0.0980 0.3514 
0.2100 -0.0588 0.3534 
0.2100 -0.0196 0.3530 
0.2100 0.0196 0.3508 
0.2100 0.0588 0.3471 
0.2100 0.0980 0.3422 
0.2100 0.1373 0.3362 
0.2100 0.1765 0.3293 
0.2100 0.2157 0.3215 
0.2100 0.2549 0.3127 
0.2100 0.2941 0.3030 
0.2100 0.3333 0.2922 
0.2100 0.3725 0.2802 
0.2100 0.4118 0.2671 
0.2100 0.4510 0.2527 
0.2100 0.4902 0.2372 
0.2100 0.5294 0.2206 
0.2100 0.5686 0.2034 
0.2100 0.6078 0.1860 
0.2100 0.6471 0.1689 
0.2100 0.6863 0.1532 
0.2100 0.7255 0.1401 
0.2100 0.7647 0.1316 
0.2100 0.8039 0.1282 
0.2100 0.8431 0.1164 
0.2100 0.8824 0.0969 
0.2100 0.9216 0.0716 
0.2100 0.9608 0.0415 
0.2100 1.0000 0.0000
 
0.2175 -1.0000 0.0000 
0.2175 -0.9608 -0.0238 
0.2175 -0.9216 -0.0418 
0.2175 -0.8824 -0.0572 
0.2175 -0.8431 -0.0695 
0.2175 -0.8039 -0.0781 
0.2175 -0.7647 -0.0825 
0.2175 -0.7255 -0.0821 
0.2175 -0.6863 -0.0764 
0.2175 -0.6471 -0.0651 
0.2175 -0.6078 -0.0478 
0.2175 -0.5686 -0.0245 
0.2175 -0.5294 0.0049 
0.2175 -0.4902 0.0398 
0.2175 -0.4510 0.0795 
0.2175 -0.4118 0.1226 
0.2175 -0.3725 0.1668 
0.2175 -0.3333 0.2081 
0.2175 -0.2941 0.2406 
0.2175 -0.2549 0.2655 
0.2175 -0.2157 0.2846 
0.2175 -0.1765 0.2992 
0.2175 -0.1373 0.3099 
0.2175 -0.0980 0.3174 
0.2175 -0.0588 0.3219 
0.2175 -0.0196 0.3239 
0.2175 0.0196 0.3236 
0.2175 0.0588 0.3215 
0.2175 0.0980 0.3177 
0.2175 0.1373 0.3125 
0.2175 0.1765 0.3062 
0.2175 0.2157 0.2987 
0.2175 0.2549 0.2901 
0.2175 0.2941 0.2805 
0.2175 0.3333 0.2698 
0.2175 0.3725 0.2578 
0.2175 0.4118 0.2447 
0.2175 0.4510 0.2303 
0.2175 0.4902 0.2148 
0.2175 0.5294 0.1983 
0.2175 0.5686 0.1812 
0.2175 0.6078 0.1639 
0.2175 0.6471 0.1472 
0.2175 0.6863 0.1321 
0.2175 0.7255 0.1200 
0.2175 0.7647 0.1136 
0.2175 0.8039 0.1133 
0.2175 0.8431 0.1045 
0.2175 0.8824 0.0877 
0.2175 0.9216 0.0651 
0.2175 0.9608 0.0378 
0.2175 1.0000 0.0000
 
0.2250 -1.0000 0.0000 
0.2250 -0.9608 -0.0210 
0.2250 -0.9216 -0.0368 
0.2250 -0.8824 -0.0502 
0.2250 -0.8431 -0.0607 
0.2250 -0.8039 -0.0678 
0.2250 -0.7647 -0.0709 
0.2250 -0.7255 -0.0695 
0.2250 -0.6863 -0.0633 
0.2250 -0.6471 -0.0518 
0.2250 -0.6078 -0.0349 
0.2250 -0.5686 -0.0126 
0.2250 -0.5294 0.0149 
0.2250 -0.4902 0.0470 
0.2250 -0.4510 0.0825 
0.2250 -0.4118 0.1198 
0.2250 -0.3725 0.1561 
0.2250 -0.3333 0.1859 
0.2250 -0.2941 0.2039 
0.2250 -0.2549 0.2221 
0.2250 -0.2157 0.2402 
0.2250 -0.1765 0.2564 
0.2250 -0.1373 0.2701 
0.2250 -0.0980 0.2808 
0.2250 -0.0588 0.2884 
0.2250 -0.0196 0.2930 
0.2250 0.0196 0.2950 
0.2250 0.0588 0.2945 
0.2250 0.0980 0.2920 
0.2250 0.1373 0.2878 
0.2250 0.1765 0.2821 
0.2250 0.2157 0.2750 
0.2250 0.2549 0.2668 
0.2250 0.2941 0.2575 
0.2250 0.3333 0.2470 
0.2250 0.3725 0.2352 
0.2250 0.4118 0.2223 
0.2250 0.4510 0.2081 
0.2250 0.4902 0.1927 
0.2250 0.5294 0.1762 
0.2250 0.5686 0.1592 
0.2250 0.6078 0.1420 
0.2250 0.6471 0.1255 
0.2250 0.6863 0.1109 
0.2250 0.7255 0.0999 
0.2250 0.7647 0.0953 
0.2250 0.8039 0.0982 
0.2250 0.8431 0.0924 
0.2250 0.8824 0.0784 
0.2250 0.9216 0.0586 
0.2250 0.9608 0.0341 
0.2250 1.0000 0.0000 

0.2325 -1.0000 0.0000 
0.2325 -0.9608 -0.0184 
0.2325 -0.9216 -0.0322 
0.2325 -0.8824 -0.0438 
0.2325 -0.8431 -0.0527 
0.2325 -0.8039 -0.0584 
0.2325 -0.7647 -0.0604 
0.2325 -0.7255 -0.0582 
0.2325 -0.6863 -0.0515 
0.2325 -0.6471 -0.0401 
0.2325 -0.6078 -0.0239 
0.2325 -0.5686 -0.0029 
0.2325 -0.5294 0.0224 
0.2325 -0.4902 0.0512 
0.2325 -0.4510 0.0821 
0.2325 -0.4118 0.1132 
0.2325 -0.3725 0.1410 
0.2325 -0.3333 0.1589 
0.2325 -0.2941 0.1621 
0.2325 -0.2549 0.1741 
0.2325 -0.2157 0.1922 
0.2325 -0.1765 0.2110 
0.2325 -0.1373 0.2283 
0.2325 -0.0980 0.2426 
0.2325 -0.0588 0.2536 
0.2325 -0.0196 0.2610 
0.2325 0.0196 0.2651 
0.2325 0.0588 0.2664 
0.2325 0.0980 0.2652 
0.2325 0.1373 0.2620 
0.2325 0.1765 0.2570 
0.2325 0.2157 0.2506 
0.2325 0.2549 0.2429 
0.2325 0.2941 0.2340 
0.2325 0.3333 0.2238 
0.2325 0.3725 0.2124 
0.2325 0.4118 0.1998 
0.2325 0.4510 0.1859 
0.2325 0.4902 0.1707 
0.2325 0.5294 0.1545 
0.2325 0.5686 0.1376 
0.2325 0.6078 0.1205 
0.2325 0.6471 0.1041 
0.2325 0.6863 0.0898 
0.2325 0.7255 0.0796 
0.2325 0.7647 0.0768 
0.2325 0.8039 0.0830 
0.2325 0.8431 0.0802 
0.2325 0.8824 0.0690 
0.2325 0.9216 0.0519 
0.2325 0.9608 0.0303 
0.2325 1.0000 0.0000 

0.2400 -1.0000 0.0000 
0.2400 -0.9608 -0.0160 
0.2400 -0.9216 -0.0280 
0.2400 -0.8824 -0.0379 
0.2400 -0.8431 -0.0453 
0.2400 -0.8039 -0.0498 
0.2400 -0.7647 -0.0509 
0.2400 -0.7255 -0.0481 
0.2400 -0.6863 -0.0413 
0.2400 -0.6471 -0.0302 
0.2400 -0.6078 -0.0148 
0.2400 -0.5686 0.0045 
0.2400 -0.5294 0.0273 
0.2400 -0.4902 0.0525 
0.2400 -0.4510 0.0785 
0.2400 -0.4118 0.1030 
0.2400 -0.3725 0.1220 
0.2400 -0.3333 0.1279 
0.2400 -0.2941 0.1164 
0.2400 -0.2549 0.1232 
0.2400 -0.2157 0.1422 
0.2400 -0.1765 0.1644 
0.2400 -0.1373 0.1856 
0.2400 -0.0980 0.2038 
0.2400 -0.0588 0.2181 
0.2400 -0.0196 0.2282 
0.2400 0.0196 0.2345 
0.2400 0.0588 0.2375 
0.2400 0.0980 0.2376 
0.2400 0.1373 0.2353 
0.2400 0.1765 0.2312 
0.2400 0.2157 0.2254 
0.2400 0.2549 0.2183 
0.2400 0.2941 0.2099 
0.2400 0.3333 0.2003 
0.2400 0.3725 0.1894 
0.2400 0.4118 0.1773 
0.2400 0.4510 0.1639 
0.2400 0.4902 0.1492 
0.2400 0.5294 0.1333 
0.2400 0.5686 0.1166 
0.2400 0.6078 0.0996 
0.2400 0.6471 0.0832 
0.2400 0.6863 0.0691 
0.2400 0.7255 0.0593 
0.2400 0.7647 0.0582 
0.2400 0.8039 0.0675 
0.2400 0.8431 0.0678 
0.2400 0.8824 0.0595 
0.2400 0.9216 0.0452 
0.2400 0.9608 0.0265 
0.2400 1.0000 0.0000 

0.2475 -1.0000 0.0000 
0.2475 -0.9608 -0.0138 
0.2475 -0.9216 -0.0241 
0.2475 -0.8824 -0.0326 
0.2475 -0.8431 -0.0387 
0.2475 -0.8039 -0.0422 
0.2475 -0.7647 -0.0425 
0.2475 -0.7255 -0.0394 
0.2475 -0.6863 -0.0325 
0.2475 -0.6471 -0.0220 
0.2475 -0.6078 -0.0078 
0.2475 -0.5686 0.0097 
0.2475 -0.5294 0.0296 
0.2475 -0.4902 0.0509 
0.2475 -0.4510 0.0718 
0.2475 -0.4118 0.0895 
0.2475 -0.3725 0.0998 
0.2475 -0.3333 0.0939 
0.2475 -0.2941 0.0689 
0.2475 -0.2549 0.0717 
0.2475 -0.2157 0.0926 
0.2475 -0.1765 0.1184 
0.2475 -0.1373 0.1437 
0.2475 -0.0980 0.1656 
0.2475 -0.0588 0.1829 
0.2475 -0.0196 0.1954 
0.2475 0.0196 0.2036 
0.2475 0.0588 0.2080 
0.2475 0.0980 0.2092 
0.2475 0.1373 0.2079 
0.2475 0.1765 0.2045 
0.2475 0.2157 0.1995 
0.2475 0.2549 0.1930 
0.2475 0.2941 0.1853 
0.2475 0.3333 0.1764 
0.2475 0.3725 0.1663 
0.2475 0.4118 0.1548 
0.2475 0.4510 0.1421 
0.2475 0.4902 0.1280 
0.2475 0.5294 0.1127 
0.2475 0.5686 0.0963 
0.2475 0.6078 0.0795 
0.2475 0.6471 0.0632 
0.2475 0.6863 0.0490 
0.2475 0.7255 0.0395 
0.2475 0.7647 0.0397 
0.2475 0.8039 0.0521 
0.2475 0.8431 0.0555 
0.2475 0.8824 0.0499 
0.2475 0.9216 0.0385 
0.2475 0.9608 0.0227 
0.2475 1.0000 0.0000 

0.2550 -1.0000 0.0000 
0.2550 -0.9608 -0.0119 
0.2550 -0.9216 -0.0207 
0.2550 -0.8824 -0.0278 
0.2550 -0.8431 -0.0329 
0.2550 -0.8039 -0.0355 
0.2550 -0.7647 -0.0352 
0.2550 -0.7255 -0.0319 
0.2550 -0.6863 -0.0253 
0.2550 -0.6471 -0.0154 
0.2550 -0.6078 -0.0026 
0.2550 -0.5686 0.0127 
0.2550 -0.5294 0.0296 
0.2550 -0.4902 0.0469 
0.2550 -0.4510 0.0624 
0.2550 -0.4118 0.0734 
0.2550 -0.3725 0.0753 
0.2550 -0.3333 0.0588 
0.2550 -0.2941 0.0224 
0.2550 -0.2549 0.0228 
0.2550 -0.2157 0.0460 
0.2550 -0.1765 0.0756 
0.2550 -0.1373 0.1044 
0.2550 -0.0980 0.1292 
0.2550 -0.0588 0.1488 
0.2550 -0.0196 0.1631 
0.2550 0.0196 0.1726 
0.2550 0.0588 0.1781 
0.2550 0.0980 0.1802 
0.2550 0.1373 0.1797 
0.2550 0.1765 0.1771 
0.2550 0.2157 0.1728 
0.2550 0.2549 0.1671 
0.2550 0.2941 0.1602 
0.2550 0.3333 0.1521 
0.2550 0.3725 0.1429 
0.2550 0.4118 0.1324 
0.2550 0.4510 0.1206 
0.2550 0.4902 0.1074 
0.2550 0.5294 0.0929 
0.2550 0.5686 0.0771 
0.2550 0.6078 0.0607 
0.2550 0.6471 0.0445 
0.2550 0.6863 0.0302 
0.2550 0.7255 0.0207 
0.2550 0.7647 0.0217 
0.2550 0.8039 0.0369 
0.2550 0.8431 0.0431 
0.2550 0.8824 0.0404 
0.2550 0.9216 0.0317 
0.2550 0.9608 0.0189 
0.2550 1.0000 0.0000 

0.2625 -1.0000 0.0000 
0.2625 -0.9608 -0.0102 
0.2625 -0.9216 -0.0177 
0.2625 -0.8824 -0.0237 
0.2625 -0.8431 -0.0278 
0.2625 -0.8039 -0.0296 
0.2625 -0.7647 -0.0290 
0.2625 -0.7255 -0.0256 
0.2625 -0.6863 -0.0194 
0.2625 -0.6471 -0.0106 
0.2625 -0.6078 0.0007 
0.2625 -0.5686 0.0137 
0.2625 -0.5294 0.0275 
0.2625 -0.4902 0.0407 
0.2625 -0.4510 0.0511 
0.2625 -0.4118 0.0557 
0.2625 -0.3725 0.0501 
0.2625 -0.3333 0.0251 
0.2625 -0.2941 -0.0191 
0.2625 -0.2549 -0.0194 
0.2625 -0.2157 0.0062 
0.2625 -0.1765 0.0384 
0.2625 -0.1373 0.0695 
0.2625 -0.0980 0.0959 
0.2625 -0.0588 0.1167 
0.2625 -0.0196 0.1318 
0.2625 0.0196 0.1420 
0.2625 0.0588 0.1481 
0.2625 0.0980 0.1508 
0.2625 0.1373 0.1509 
0.2625 0.1765 0.1490 
0.2625 0.2157 0.1454 
0.2625 0.2549 0.1406 
0.2625 0.2941 0.1346 
0.2625 0.3333 0.1275 
0.2625 0.3725 0.1194 
0.2625 0.4118 0.1100 
0.2625 0.4510 0.0994 
0.2625 0.4902 0.0874 
0.2625 0.5294 0.0741 
0.2625 0.5686 0.0593 
0.2625 0.6078 0.0436 
0.2625 0.6471 0.0278 
0.2625 0.6863 0.0135 
0.2625 0.7255 0.0037 
0.2625 0.7647 0.0050 
0.2625 0.8039 0.0224 
0.2625 0.8431 0.0312 
0.2625 0.8824 0.0310 
0.2625 0.9216 0.0251 
0.2625 0.9608 0.0151 
0.2625 1.0000 0.0000 

0.2700 -1.0000 0.0000 
0.2700 -0.9608 -0.0087 
0.2700 -0.9216 -0.0150 
0.2700 -0.8824 -0.0200 
0.2700 -0.8431 -0.0233 
0.2700 -0.8039 -0.0247 
0.2700 -0.7647 -0.0238 
0.2700 -0.7255 -0.0205 
0.2700 -0.6863 -0.0149 
0.2700 -0.6471 -0.0071 
0.2700 -0.6078 0.0024 
0.2700 -0.5686 0.0131 
0.2700 -0.5294 0.0238 
0.2700 -0.4902 0.0330 
0.2700 -0.4510 0.0387 
0.2700 -0.4118 0.0379 
0.2700 -0.3725 0.0265 
0.2700 -0.3333 -0.0037 
0.2700 -0.2941 -0.0501 
0.2700 -0.2549 -0.0497 
0.2700 -0.2157 -0.0229 
0.2700 -0.1765 0.0098 
0.2700 -0.1373 0.0408 
0.2700 -0.0980 0.0669 
0.2700 -0.0588 0.0872 
0.2700 -0.0196 0.1020 
0.2700 0.0196 0.1120 
0.2700 0.0588 0.1181 
0.2700 0.0980 0.1210 
0.2700 0.1373 0.1215 
0.2700 0.1765 0.1202 
0.2700 0.2157 0.1174 
0.2700 0.2549 0.1134 
0.2700 0.2941 0.1085 
0.2700 0.3333 0.1025 
0.2700 0.3725 0.0957 
0.2700 0.4118 0.0877 
0.2700 0.4510 0.0786 
0.2700 0.4902 0.0682 
0.2700 0.5294 0.0564 
0.2700 0.5686 0.0432 
0.2700 0.6078 0.0288 
0.2700 0.6471 0.0138 
0.2700 0.6863 -0.0002 
0.2700 0.7255 -0.0102 
0.2700 0.7647 -0.0091 
0.2700 0.8039 0.0093 
0.2700 0.8431 0.0200 
0.2700 0.8824 0.0221 
0.2700 0.9216 0.0187 
0.2700 0.9608 0.0115 
0.2700 1.0000 0.0000 

0.2775 -1.0000 0.0000 
0.2775 -0.9608 -0.0074 
0.2775 -0.9216 -0.0127 
0.2775 -0.8824 -0.0169 
0.2775 -0.8431 -0.0196 
0.2775 -0.8039 -0.0205 
0.2775 -0.7647 -0.0195 
0.2775 -0.7255 -0.0165 
0.2775 -0.6863 -0.0116 
0.2775 -0.6471 -0.0050 
0.2775 -0.6078 0.0029 
0.2775 -0.5686 0.0113 
0.2775 -0.5294 0.0191 
0.2775 -0.4902 0.0248 
0.2775 -0.4510 0.0266 
0.2775 -0.4118 0.0218 
0.2775 -0.3725 0.0072 
0.2775 -0.3333 -0.0230 
0.2775 -0.2941 -0.0641 
0.2775 -0.2549 -0.0623 
0.2775 -0.2157 -0.0375 
0.2775 -0.1765 -0.0078 
0.2775 -0.1373 0.0199 
0.2775 -0.0980 0.0431 
0.2775 -0.0588 0.0610 
0.2775 -0.0196 0.0741 
0.2775 0.0196 0.0829 
0.2775 0.0588 0.0883 
0.2775 0.0980 0.0910 
0.2775 0.1373 0.0917 
0.2775 0.1765 0.0908 
0.2775 0.2157 0.0887 
0.2775 0.2549 0.0857 
0.2775 0.2941 0.0819 
0.2775 0.3333 0.0772 
0.2775 0.3725 0.0718 
0.2775 0.4118 0.0656 
0.2775 0.4510 0.0583 
0.2775 0.4902 0.0499 
0.2775 0.5294 0.0402 
0.2775 0.5686 0.0291 
0.2775 0.6078 0.0168 
0.2775 0.6471 0.0036 
0.2775 0.6863 -0.0092 
0.2775 0.7255 -0.0190 
0.2775 0.7647 -0.0186 
0.2775 0.8039 -0.0012 
0.2775 0.8431 0.0102 
0.2775 0.8824 0.0140 
0.2775 0.9216 0.0128 
0.2775 0.9608 0.0081 
0.2775 1.0000 0.0000
 
0.2850 -1.0000 0.0000 
0.2850 -0.9608 -0.0063 
0.2850 -0.9216 -0.0108 
0.2850 -0.8824 -0.0143 
0.2850 -0.8431 -0.0164 
0.2850 -0.8039 -0.0171 
0.2850 -0.7647 -0.0161 
0.2850 -0.7255 -0.0134 
0.2850 -0.6863 -0.0092 
0.2850 -0.6471 -0.0038 
0.2850 -0.6078 0.0025 
0.2850 -0.5686 0.0088 
0.2850 -0.5294 0.0141 
0.2850 -0.4902 0.0172 
0.2850 -0.4510 0.0163 
0.2850 -0.4118 0.0097 
0.2850 -0.3725 -0.0045 
0.2850 -0.3333 -0.0281 
0.2850 -0.2941 -0.0546 
0.2850 -0.2549 -0.0531 
0.2850 -0.2157 -0.0353 
0.2850 -0.1765 -0.0134 
0.2850 -0.1373 0.0073 
0.2850 -0.0980 0.0247 
0.2850 -0.0588 0.0382 
0.2850 -0.0196 0.0480 
0.2850 0.0196 0.0546 
0.2850 0.0588 0.0587 
0.2850 0.0980 0.0608 
0.2850 0.1373 0.0615 
0.2850 0.1765 0.0610 
0.2850 0.2157 0.0596 
0.2850 0.2549 0.0575 
0.2850 0.2941 0.0549 
0.2850 0.3333 0.0517 
0.2850 0.3725 0.0479 
0.2850 0.4118 0.0435 
0.2850 0.4510 0.0384 
0.2850 0.4902 0.0324 
0.2850 0.5294 0.0254 
0.2850 0.5686 0.0173 
0.2850 0.6078 0.0080 
0.2850 0.6471 -0.0021 
0.2850 0.6863 -0.0123 
0.2850 0.7255 -0.0205 
0.2850 0.7647 -0.0208 
0.2850 0.8039 -0.0072 
0.2850 0.8431 0.0030 
0.2850 0.8824 0.0075 
0.2850 0.9216 0.0078 
0.2850 0.9608 0.0052 
0.2850 1.0000 0.0000 

0.2925 -1.0000 0.0000 
0.2925 -0.9608 -0.0053 
0.2925 -0.9216 -0.0091 
0.2925 -0.8824 -0.0120 
0.2925 -0.8431 -0.0137 
0.2925 -0.8039 -0.0142 
0.2925 -0.7647 -0.0133 
0.2925 -0.7255 -0.0110 
0.2925 -0.6863 -0.0075 
0.2925 -0.6471 -0.0031 
0.2925 -0.6078 0.0018 
0.2925 -0.5686 0.0064 
0.2925 -0.5294 0.0099 
0.2925 -0.4902 0.0113 
0.2925 -0.4510 0.0095 
0.2925 -0.4118 0.0037 
0.2925 -0.3725 -0.0061 
0.2925 -0.3333 -0.0167 
0.2925 -0.2941 -0.0216 
0.2925 -0.2549 -0.0245 
0.2925 -0.2157 -0.0188 
0.2925 -0.1765 -0.0086 
0.2925 -0.1373 0.0020 
0.2925 -0.0980 0.0112 
0.2925 -0.0588 0.0184 
0.2925 -0.0196 0.0236 
0.2925 0.0196 0.0272 
0.2925 0.0588 0.0294 
0.2925 0.0980 0.0306 
0.2925 0.1373 0.0310 
0.2925 0.1765 0.0307 
0.2925 0.2157 0.0300 
0.2925 0.2549 0.0290 
0.2925 0.2941 0.0276 
0.2925 0.3333 0.0260 
0.2925 0.3725 0.0240 
0.2925 0.4118 0.0217 
0.2925 0.4510 0.0190 
0.2925 0.4902 0.0159 
0.2925 0.5294 0.0121 
0.2925 0.5686 0.0077 
0.2925 0.6078 0.0027 
0.2925 0.6471 -0.0030 
0.2925 0.6863 -0.0086 
0.2925 0.7255 -0.0130 
0.2925 0.7647 -0.0128 
0.2925 0.8039 -0.0067 
0.2925 0.8431 -0.0004 
0.2925 0.8824 0.0033 
0.2925 0.9216 0.0043 
0.2925 0.9608 0.0030 
0.2925 1.0000 0.0000 

0.3000 -1.0000 0.0000 
0.3000 -0.9608 -0.0045 
0.3000 -0.9216 -0.0077 
0.3000 -0.8824 -0.0101 
0.3000 -0.8431 -0.0115 
0.3000 -0.8039 -0.0118 
0.3000 -0.7647 -0.0110 
0.3000 -0.7255 -0.0091 
0.3000 -0.6863 -0.0063 
0.3000 -0.6471 -0.0027 
0.3000 -0.6078 0.0010 
0.3000 -0.5686 0.0044 
0.3000 -0.5294 0.0068 
0.3000 -0.4902 0.0075 
0.3000 -0.4510 0.0060 
0.3000 -0.4118 0.0023 
0.3000 -0.3725 -0.0024 
0.3000 -0.3333 -0.0039 
0.3000 -0.2941 0.0015 
0.3000 -0.2549 -0.0003 
0.3000 -0.2157 -0.0000 
0.3000 -0.1765 -0.0000 
0.3000 -0.1373 0.0000 
0.3000 -0.0980 0.0000 
0.3000 -0.0588 0.0001 
0.3000 -0.0196 0.0001 
0.3000 0.0196 0.0001 
0.3000 0.0588 0.0001 
0.3000 0.0980 0.0001 
0.3000 0.1373 0.0001 
0.3000 0.1765 0.0001 
0.3000 0.2157 0.0001 
0.3000 0.2549 0.0001 
0.3000 0.2941 0.0001 
0.3000 0.3333 0.0001 
0.3000 0.3725 0.0001 
0.3000 0.4118 0.0001 
0.3000 0.4510 0.0001 
0.3000 0.4902 0.0000 
0.3000 0.5294 0.0000 
0.3000 0.5686 0.0000 
0.3000 0.6078 0.0000 
0.3000 0.6471 -0.0000 
0.3000 0.6863 -0.0000 
0.3000 0.7255 -0.0001 
0.3000 0.7647 0.0003 
0.3000 0.8039 -0.0014 
0.3000 0.8431 -0.0001 
0.3000 0.8824 0.0017 
0.3000 0.9216 0.0023 
0.3000 0.9608 0.0017 
0.3000 1.0000 0.0000 
