0.0000 -1.0000 0.0000 
0.0000 -0.9608 -0.1229 
0.0000 -0.9216 -0.2439 
0.0000 -0.8824 -0.3612 
0.0000 -0.8431 -0.4731 
0.0000 -0.8039 -0.5778 
0.0000 -0.7647 -0.6737 
0.0000 -0.7255 -0.7594 
0.0000 -0.6863 -0.8336 
0.0000 -0.6471 -0.8952 
0.0000 -0.6078 -0.9432 
0.0000 -0.5686 -0.9768 
0.0000 -0.5294 -0.9957 
0.0000 -0.4902 -0.9995 
0.0000 -0.4510 -0.9882 
0.0000 -0.4118 -0.9618 
0.0000 -0.3725 -0.9209 
0.0000 -0.3333 -0.8660 
0.0000 -0.2941 -0.7980 
0.0000 -0.2549 -0.7179 
0.0000 -0.2157 -0.6269 
0.0000 -0.1765 -0.5264 
0.0000 -0.1373 -0.4180 
0.0000 -0.0980 -0.3032 
0.0000 -0.0588 -0.1837 
0.0000 -0.0196 -0.0616 
0.0000 0.0196 0.0616 
0.0000 0.0588 0.1837 
0.0000 0.0980 0.3032 
0.0000 0.1373 0.4180 
0.0000 0.1765 0.5264 
0.0000 0.2157 0.6269 
0.0000 0.2549 0.7179 
0.0000 0.2941 0.7980 
0.0000 0.3333 0.8660 
0.0000 0.3725 0.9209 
0.0000 0.4118 0.9618 
0.0000 0.4510 0.9882 
0.0000 0.4902 0.9995 
0.0000 0.5294 0.9957 
0.0000 0.5686 0.9768 
0.0000 0.6078 0.9432 
0.0000 0.6471 0.8952 
0.0000 0.6863 0.8336 
0.0000 0.7255 0.7594 
0.0000 0.7647 0.6737 
0.0000 0.8039 0.5778 
0.0000 0.8431 0.4731 
0.0000 0.8824 0.3612 
0.0000 0.9216 0.2439 
0.0000 0.9608 0.1229 
0.0000 1.0000 0.0000 

0.0075 -1.0000 0.0000 
0.0075 -0.9608 -0.1353 
0.0075 -0.9216 -0.2463 
0.0075 -0.8824 -0.3552 
0.0075 -0.8431 -0.4596 
0.0075 -0.8039 -0.5579 
0.0075 -0.7647 -0.6483 
0.0075 -0.7255 -0.7292 
0.0075 -0.6863 -0.7994 
0.0075 -0.6471 -0.8577 
0.0075 -0.6078 -0.9031 
0.0075 -0.5686 -0.9349 
0.0075 -0.5294 -0.9527 
0.0075 -0.4902 -0.9561 
0.0075 -0.4510 -0.9451 
0.0075 -0.4118 -0.9197 
0.0075 -0.3725 -0.8805 
0.0075 -0.3333 -0.8280 
0.0075 -0.2941 -0.7629 
0.0075 -0.2549 -0.6863 
0.0075 -0.2157 -0.5993 
0.0075 -0.1765 -0.5032 
0.0075 -0.1373 -0.3995 
0.0075 -0.0980 -0.2898 
0.0075 -0.0588 -0.1756 
0.0075 -0.0196 -0.0588 
0.0075 0.0196 0.0588 
0.0075 0.0588 0.1756 
0.0075 0.0980 0.2898 
0.0075 0.1373 0.3995 
0.0075 0.1765 0.5032 
0.0075 0.2157 0.5993 
0.0075 0.2549 0.6863 
0.0075 0.2941 0.7629 
0.0075 0.3333 0.8280 
0.0075 0.3725 0.8805 
0.0075 0.4118 0.9197 
0.0075 0.4510 0.9451 
0.0075 0.4902 0.9561 
0.0075 0.5294 0.9527 
0.0075 0.5686 0.9349 
0.0075 0.6078 0.9031 
0.0075 0.6471 0.8577 
0.0075 0.6863 0.7994 
0.0075 0.7255 0.7292 
0.0075 0.7647 0.6483 
0.0075 0.8039 0.5579 
0.0075 0.8431 0.4596 
0.0075 0.8824 0.3552 
0.0075 0.9216 0.2463 
0.0075 0.9608 0.1353 
0.0075 1.0000 0.0000 

0.0150 -1.0000 0.0000 
0.0150 -0.9608 -0.1377 
0.0150 -0.9216 -0.2451 
0.0150 -0.8824 -0.3482 
0.0150 -0.8431 -0.4465 
0.0150 -0.8039 -0.5390 
0.0150 -0.7647 -0.6242 
0.0150 -0.7255 -0.7006 
0.0150 -0.6863 -0.7669 
0.0150 -0.6471 -0.8220 
0.0150 -0.6078 -0.8650 
0.0150 -0.5686 -0.8950 
0.0150 -0.5294 -0.9117 
0.0150 -0.4902 -0.9147 
0.0150 -0.4510 -0.9039 
0.0150 -0.4118 -0.8796 
0.0150 -0.3725 -0.8420 
0.0150 -0.3333 -0.7916 
0.0150 -0.2941 -0.7294 
0.0150 -0.2549 -0.6561 
0.0150 -0.2157 -0.5729 
0.0150 -0.1765 -0.4810 
0.0150 -0.1373 -0.3819 
0.0150 -0.0980 -0.2770 
0.0150 -0.0588 -0.1679 
0.0150 -0.0196 -0.0562 
0.0150 0.0196 0.0562 
0.0150 0.0588 0.1679 
0.0150 0.0980 0.2770 
0.0150 0.1373 0.3819 
0.0150 0.1765 0.4810 
0.0150 0.2157 0.5729 
0.0150 0.2549 0.6561 
0.0150 0.2941 0.7294 
0.0150 0.3333 0.7916 
0.0150 0.3725 0.8420 
0.0150 0.4118 0.8796 
0.0150 0.4510 0.9039 
0.0150 0.4902 0.9147 
0.0150 0.5294 0.9117 
0.0150 0.5686 0.8950 
0.0150 0.6078 0.8650 
0.0150 0.6471 0.8220 
0.0150 0.6863 0.7669 
0.0150 0.7255 0.7006 
0.0150 0.7647 0.6242 
0.0150 0.8039 0.5390 
0.0150 0.8431 0.4465 
0.0150 0.8824 0.3482 
0.0150 0.9216 0.2451 
0.0150 0.9608 0.1377 
0.0150 1.0000 0.0000 

0.0225 -1.0000 0.0000 
0.0225 -0.9608 -0.1366 
0.0225 -0.9216 -0.2412 
0.0225 -0.8824 -0.3398 
0.0225 -0.8431 -0.4332 
0.0225 -0.8039 -0.5207 
0.0225 -0.7647 -0.6012 
0.0225 -0.7255 -0.6734 
0.0225 -0.6863 -0.7361 
0.0225 -0.6471 -0.7881 
0.0225 -0.6078 -0.8287 
0.0225 -0.5686 -0.8570 
0.0225 -0.5294 -0.8726 
0.0225 -0.4902 -0.8752 
0.0225 -0.4510 -0.8648 
0.0225 -0.4118 -0.8413 
0.0225 -0.3725 -0.8052 
0.0225 -0.3333 -0.7570 
0.0225 -0.2941 -0.6974 
0.0225 -0.2549 -0.6273 
0.0225 -0.2157 -0.5477 
0.0225 -0.1765 -0.4598 
0.0225 -0.1373 -0.3651 
0.0225 -0.0980 -0.2648 
0.0225 -0.0588 -0.1605 
0.0225 -0.0196 -0.0538 
0.0225 0.0196 0.0538 
0.0225 0.0588 0.1605 
0.0225 0.0980 0.2648 
0.0225 0.1373 0.3651 
0.0225 0.1765 0.4598 
0.0225 0.2157 0.5477 
0.0225 0.2549 0.6273 
0.0225 0.2941 0.6974 
0.0225 0.3333 0.7570 
0.0225 0.3725 0.8052 
0.0225 0.4118 0.8413 
0.0225 0.4510 0.8648 
0.0225 0.4902 0.8752 
0.0225 0.5294 0.8726 
0.0225 0.5686 0.8570 
0.0225 0.6078 0.8287 
0.0225 0.6471 0.7881 
0.0225 0.6863 0.7361 
0.0225 0.7255 0.6734 
0.0225 0.7647 0.6012 
0.0225 0.8039 0.5207 
0.0225 0.8431 0.4332 
0.0225 0.8824 0.3398 
0.0225 0.9216 0.2412 
0.0225 0.9608 0.1366 
0.0225 1.0000 0.0000 

0.0300 -1.0000 0.0000 
0.0300 -0.9608 -0.1339 
0.0300 -0.9216 -0.2356 
0.0300 -0.8824 -0.3305 
0.0300 -0.8431 -0.4196 
0.0300 -0.8039 -0.5027 
0.0300 -0.7647 -0.5790 
0.0300 -0.7255 -0.6473 
0.0300 -0.6863 -0.7066 
0.0300 -0.6471 -0.7558 
0.0300 -0.6078 -0.7941 
0.0300 -0.5686 -0.8208 
0.0300 -0.5294 -0.8354 
0.0300 -0.4902 -0.8376 
0.0300 -0.4510 -0.8274 
0.0300 -0.4118 -0.8048 
0.0300 -0.3725 -0.7701 
0.0300 -0.3333 -0.7239 
0.0300 -0.2941 -0.6669 
0.0300 -0.2549 -0.5998 
0.0300 -0.2157 -0.5236 
0.0300 -0.1765 -0.4396 
0.0300 -0.1373 -0.3490 
0.0300 -0.0980 -0.2531 
0.0300 -0.0588 -0.1534 
0.0300 -0.0196 -0.0514 
0.0300 0.0196 0.0514 
0.0300 0.0588 0.1534 
0.0300 0.0980 0.2531 
0.0300 0.1373 0.3490 
0.0300 0.1765 0.4396 
0.0300 0.2157 0.5236 
0.0300 0.2549 0.5998 
0.0300 0.2941 0.6669 
0.0300 0.3333 0.7239 
0.0300 0.3725 0.7701 
0.0300 0.4118 0.8048 
0.0300 0.4510 0.8274 
0.0300 0.4902 0.8376 
0.0300 0.5294 0.8354 
0.0300 0.5686 0.8208 
0.0300 0.6078 0.7941 
0.0300 0.6471 0.7558 
0.0300 0.6863 0.7066 
0.0300 0.7255 0.6473 
0.0300 0.7647 0.5790 
0.0300 0.8039 0.5027 
0.0300 0.8431 0.4196 
0.0300 0.8824 0.3305 
0.0300 0.9216 0.2356 
0.0300 0.9608 0.1339 
0.0300 1.0000 0.0000 

0.0375 -1.0000 0.0000 
0.0375 -0.9608 -0.1304 
0.0375 -0.9216 -0.2291 
0.0375 -0.8824 -0.3206 
0.0375 -0.8431 -0.4058 
0.0375 -0.8039 -0.4850 
0.0375 -0.7647 -0.5575 
0.0375 -0.7255 -0.6223 
0.0375 -0.6863 -0.6785 
0.0375 -0.6471 -0.7250 
0.0375 -0.6078 -0.7612 
0.0375 -0.5686 -0.7863 
0.0375 -0.5294 -0.7999 
0.0375 -0.4902 -0.8018 
0.0375 -0.4510 -0.7918 
0.0375 -0.4118 -0.7700 
0.0375 -0.3725 -0.7367 
0.0375 -0.3333 -0.6924 
0.0375 -0.2941 -0.6377 
0.0375 -0.2549 -0.5735 
0.0375 -0.2157 -0.5007 
0.0375 -0.1765 -0.4203 
0.0375 -0.1373 -0.3337 
0.0375 -0.0980 -0.2420 
0.0375 -0.0588 -0.1467 
0.0375 -0.0196 -0.0491 
0.0375 0.0196 0.0491 
0.0375 0.0588 0.1467 
0.0375 0.0980 0.2420 
0.0375 0.1373 0.3337 
0.0375 0.1765 0.4203 
0.0375 0.2157 0.5007 
0.0375 0.2549 0.5735 
0.0375 0.2941 0.6377 
0.0375 0.3333 0.6924 
0.0375 0.3725 0.7367 
0.0375 0.4118 0.7700 
0.0375 0.4510 0.7918 
0.0375 0.4902 0.8018 
0.0375 0.5294 0.7999 
0.0375 0.5686 0.7863 
0.0375 0.6078 0.7612 
0.0375 0.6471 0.7250 
0.0375 0.6863 0.6785 
0.0375 0.7255 0.6223 
0.0375 0.7647 0.5575 
0.0375 0.8039 0.4850 
0.0375 0.8431 0.4058 
0.0375 0.8824 0.3206 
0.0375 0.9216 0.2291 
0.0375 0.9608 0.1304 
0.0375 1.0000 0.0000 

0.0450 -1.0000 0.0000 
0.0450 -0.9608 -0.1265 
0.0450 -0.9216 -0.2221 
0.0450 -0.8824 -0.3102 
0.0450 -0.8431 -0.3920 
0.0450 -0.8039 -0.4677 
0.0450 -0.7647 -0.5367 
0.0450 -0.7255 -0.5982 
0.0450 -0.6863 -0.6515 
0.0450 -0.6471 -0.6955 
0.0450 -0.6078 -0.7297 
0.0450 -0.5686 -0.7534 
0.0450 -0.5294 -0.7661 
0.0450 -0.4902 -0.7676 
0.0450 -0.4510 -0.7578 
0.0450 -0.4118 -0.7367 
0.0450 -0.3725 -0.7048 
0.0450 -0.3333 -0.6623 
0.0450 -0.2941 -0.6100 
0.0450 -0.2549 -0.5485 
0.0450 -0.2157 -0.4788 
0.0450 -0.1765 -0.4019 
0.0450 -0.1373 -0.3191 
0.0450 -0.0980 -0.2314 
0.0450 -0.0588 -0.1402 
0.0450 -0.0196 -0.0470 
0.0450 0.0196 0.0470 
0.0450 0.0588 0.1402 
0.0450 0.0980 0.2314 
0.0450 0.1373 0.3191 
0.0450 0.1765 0.4019 
0.0450 0.2157 0.4788 
0.0450 0.2549 0.5485 
0.0450 0.2941 0.6100 
0.0450 0.3333 0.6623 
0.0450 0.3725 0.7048 
0.0450 0.4118 0.7367 
0.0450 0.4510 0.7578 
0.0450 0.4902 0.7676 
0.0450 0.5294 0.7661 
0.0450 0.5686 0.7534 
0.0450 0.6078 0.7297 
0.0450 0.6471 0.6955 
0.0450 0.6863 0.6515 
0.0450 0.7255 0.5982 
0.0450 0.7647 0.5367 
0.0450 0.8039 0.4677 
0.0450 0.8431 0.3920 
0.0450 0.8824 0.3102 
0.0450 0.9216 0.2221 
0.0450 0.9608 0.1265 
0.0450 1.0000 0.0000 

0.0525 -1.0000 0.0000 
0.0525 -0.9608 -0.1224 
0.0525 -0.9216 -0.2148 
0.0525 -0.8824 -0.2997 
0.0525 -0.8431 -0.3782 
0.0525 -0.8039 -0.4506 
0.0525 -0.7647 -0.5164 
0.0525 -0.7255 -0.5750 
0.0525 -0.6863 -0.6256 
0.0525 -0.6471 -0.6673 
0.0525 -0.6078 -0.6996 
0.0525 -0.5686 -0.7219 
0.0525 -0.5294 -0.7338 
0.0525 -0.4902 -0.7350 
0.0525 -0.4510 -0.7253 
0.0525 -0.4118 -0.7050 
0.0525 -0.3725 -0.6743 
0.0525 -0.3333 -0.6336 
0.0525 -0.2941 -0.5834 
0.0525 -0.2549 -0.5246 
0.0525 -0.2157 -0.4579 
0.0525 -0.1765 -0.3844 
0.0525 -0.1373 -0.3051 
0.0525 -0.0980 -0.2213 
0.0525 -0.0588 -0.1341 
0.0525 -0.0196 -0.0449 
0.0525 0.0196 0.0449 
0.0525 0.0588 0.1341 
0.0525 0.0980 0.2213 
0.0525 0.1373 0.3051 
0.0525 0.1765 0.3844 
0.0525 0.2157 0.4579 
0.0525 0.2549 0.5246 
0.0525 0.2941 0.5834 
0.0525 0.3333 0.6336 
0.0525 0.3725 0.6743 
0.0525 0.4118 0.7050 
0.0525 0.4510 0.7253 
0.0525 0.4902 0.7350 
0.0525 0.5294 0.7338 
0.0525 0.5686 0.7219 
0.0525 0.6078 0.6996 
0.0525 0.6471 0.6673 
0.0525 0.6863 0.6256 
0.0525 0.7255 0.5750 
0.0525 0.7647 0.5164 
0.0525 0.8039 0.4506 
0.0525 0.8431 0.3782 
0.0525 0.8824 0.2997 
0.0525 0.9216 0.2148 
0.0525 0.9608 0.1224 
0.0525 1.0000 0.0000 

0.0600 -1.0000 0.0000 
0.0600 -0.9608 -0.1183 
0.0600 -0.9216 -0.2074 
0.0600 -0.8824 -0.2892 
0.0600 -0.8431 -0.3646 
0.0600 -0.8039 -0.4339 
0.0600 -0.7647 -0.4968 
0.0600 -0.7255 -0.5526 
0.0600 -0.6863 -0.6007 
0.0600 -0.6471 -0.6403 
0.0600 -0.6078 -0.6709 
0.0600 -0.5686 -0.6919 
0.0600 -0.5294 -0.7029 
0.0600 -0.4902 -0.7038 
0.0600 -0.4510 -0.6944 
0.0600 -0.4118 -0.6748 
0.0600 -0.3725 -0.6453 
0.0600 -0.3333 -0.6062 
0.0600 -0.2941 -0.5581 
0.0600 -0.2549 -0.5018 
0.0600 -0.2157 -0.4380 
0.0600 -0.1765 -0.3676 
0.0600 -0.1373 -0.2918 
0.0600 -0.0980 -0.2116 
0.0600 -0.0588 -0.1282 
0.0600 -0.0196 -0.0430 
0.0600 0.0196 0.0430 
0.0600 0.0588 0.1282 
0.0600 0.0980 0.2116 
0.0600 0.1373 0.2918 
0.0600 0.1765 0.3676 
0.0600 0.2157 0.4380 
0.0600 0.2549 0.5018 
0.0600 0.2941 0.5581 
0.0600 0.3333 0.6062 
0.0600 0.3725 0.6453 
0.0600 0.4118 0.6748 
0.0600 0.4510 0.6944 
0.0600 0.4902 0.7038 
0.0600 0.5294 0.7029 
0.0600 0.5686 0.6919 
0.0600 0.6078 0.6709 
0.0600 0.6471 0.6403 
0.0600 0.6863 0.6007 
0.0600 0.7255 0.5526 
0.0600 0.7647 0.4968 
0.0600 0.8039 0.4339 
0.0600 0.8431 0.3646 
0.0600 0.8824 0.2892 
0.0600 0.9216 0.2074 
0.0600 0.9608 0.1183 
0.0600 1.0000 0.0000 

0.0675 -1.0000 0.0000 
0.0675 -0.9608 -0.1141 
0.0675 -0.9216 -0.2001 
0.0675 -0.8824 -0.2788 
0.0675 -0.8431 -0.3512 
0.0675 -0.8039 -0.4176 
0.0675 -0.7647 -0.4777 
0.0675 -0.7255 -0.5310 
0.0675 -0.6863 -0.5767 
0.0675 -0.6471 -0.6144 
0.0675 -0.6078 -0.6433 
0.0675 -0.5686 -0.6631 
0.0675 -0.5294 -0.6735 
0.0675 -0.4902 -0.6741 
0.0675 -0.4510 -0.6649 
0.0675 -0.4118 -0.6459 
0.0675 -0.3725 -0.6175 
0.0675 -0.3333 -0.5801 
0.0675 -0.2941 -0.5340 
0.0675 -0.2549 -0.4800 
0.0675 -0.2157 -0.4189 
0.0675 -0.1765 -0.3516 
0.0675 -0.1373 -0.2791 
0.0675 -0.0980 -0.2024 
0.0675 -0.0588 -0.1226 
0.0675 -0.0196 -0.0411 
0.0675 0.0196 0.0411 
0.0675 0.0588 0.1226 
0.0675 0.0980 0.2024 
0.0675 0.1373 0.2791 
0.0675 0.1765 0.3516 
0.0675 0.2157 0.4189 
0.0675 0.2549 0.4800 
0.0675 0.2941 0.5340 
0.0675 0.3333 0.5801 
0.0675 0.3725 0.6175 
0.0675 0.4118 0.6459 
0.0675 0.4510 0.6649 
0.0675 0.4902 0.6741 
0.0675 0.5294 0.6735 
0.0675 0.5686 0.6631 
0.0675 0.6078 0.6433 
0.0675 0.6471 0.6144 
0.0675 0.6863 0.5767 
0.0675 0.7255 0.5310 
0.0675 0.7647 0.4777 
0.0675 0.8039 0.4176 
0.0675 0.8431 0.3512 
0.0675 0.8824 0.2788 
0.0675 0.9216 0.2001 
0.0675 0.9608 0.1141 
0.0675 1.0000 0.0000 

0.0750 -1.0000 0.0000 
0.0750 -0.9608 -0.1100 
0.0750 -0.9216 -0.1928 
0.0750 -0.8824 -0.2685 
0.0750 -0.8431 -0.3381 
0.0750 -0.8039 -0.4017 
0.0750 -0.7647 -0.4592 
0.0750 -0.7255 -0.5101 
0.0750 -0.6863 -0.5537 
0.0750 -0.6471 -0.5895 
0.0750 -0.6078 -0.6169 
0.0750 -0.5686 -0.6357 
0.0750 -0.5294 -0.6453 
0.0750 -0.4902 -0.6456 
0.0750 -0.4510 -0.6366 
0.0750 -0.4118 -0.6184 
0.0750 -0.3725 -0.5911 
0.0750 -0.3333 -0.5551 
0.0750 -0.2941 -0.5110 
0.0750 -0.2549 -0.4593 
0.0750 -0.2157 -0.4008 
0.0750 -0.1765 -0.3364 
0.0750 -0.1373 -0.2669 
0.0750 -0.0980 -0.1936 
0.0750 -0.0588 -0.1173 
0.0750 -0.0196 -0.0393 
0.0750 0.0196 0.0393 
0.0750 0.0588 0.1173 
0.0750 0.0980 0.1936 
0.0750 0.1373 0.2669 
0.0750 0.1765 0.3364 
0.0750 0.2157 0.4008 
0.0750 0.2549 0.4593 
0.0750 0.2941 0.5110 
0.0750 0.3333 0.5551 
0.0750 0.3725 0.5911 
0.0750 0.4118 0.6184 
0.0750 0.4510 0.6366 
0.0750 0.4902 0.6456 
0.0750 0.5294 0.6453 
0.0750 0.5686 0.6357 
0.0750 0.6078 0.6169 
0.0750 0.6471 0.5895 
0.0750 0.6863 0.5537 
0.0750 0.7255 0.5101 
0.0750 0.7647 0.4592 
0.0750 0.8039 0.4017 
0.0750 0.8431 0.3381 
0.0750 0.8824 0.2685 
0.0750 0.9216 0.1928 
0.0750 0.9608 0.1100 
0.0750 1.0000 0.0000 

0.0825 -1.0000 0.0000 
0.0825 -0.9608 -0.1059 
0.0825 -0.9216 -0.1856 
0.0825 -0.8824 -0.2585 
0.0825 -0.8431 -0.3253 
0.0825 -0.8039 -0.3863 
0.0825 -0.7647 -0.4414 
0.0825 -0.7255 -0.4899 
0.0825 -0.6863 -0.5315 
0.0825 -0.6471 -0.5656 
0.0825 -0.6078 -0.5916 
0.0825 -0.5686 -0.6093 
0.0825 -0.5294 -0.6183 
0.0825 -0.4902 -0.6185 
0.0825 -0.4510 -0.6097 
0.0825 -0.4118 -0.5921 
0.0825 -0.3725 -0.5658 
0.0825 -0.3333 -0.5313 
0.0825 -0.2941 -0.4890 
0.0825 -0.2549 -0.4395 
0.0825 -0.2157 -0.3835 
0.0825 -0.1765 -0.3218 
0.0825 -0.1373 -0.2554 
0.0825 -0.0980 -0.1852 
0.0825 -0.0588 -0.1122 
0.0825 -0.0196 -0.0376 
0.0825 0.0196 0.0376 
0.0825 0.0588 0.1122 
0.0825 0.0980 0.1852 
0.0825 0.1373 0.2554 
0.0825 0.1765 0.3218 
0.0825 0.2157 0.3835 
0.0825 0.2549 0.4395 
0.0825 0.2941 0.4890 
0.0825 0.3333 0.5313 
0.0825 0.3725 0.5658 
0.0825 0.4118 0.5921 
0.0825 0.4510 0.6097 
0.0825 0.4902 0.6185 
0.0825 0.5294 0.6183 
0.0825 0.5686 0.6093 
0.0825 0.6078 0.5916 
0.0825 0.6471 0.5656 
0.0825 0.6863 0.5315 
0.0825 0.7255 0.4899 
0.0825 0.7647 0.4414 
0.0825 0.8039 0.3863 
0.0825 0.8431 0.3253 
0.0825 0.8824 0.2585 
0.0825 0.9216 0.1856 
0.0825 0.9608 0.1059 
0.0825 1.0000 0.0000 

0.0900 -1.0000 0.0000 
0.0900 -0.9608 -0.1019 
0.0900 -0.9216 -0.1786 
0.0900 -0.8824 -0.2487 
0.0900 -0.8431 -0.3128 
0.0900 -0.8039 -0.3714 
0.0900 -0.7647 -0.4241 
0.0900 -0.7255 -0.4705 
0.0900 -0.6863 -0.5102 
0.0900 -0.6471 -0.5426 
0.0900 -0.6078 -0.5674 
0.0900 -0.5686 -0.5841 
0.0900 -0.5294 -0.5926 
0.0900 -0.4902 -0.5925 
0.0900 -0.4510 -0.5839 
0.0900 -0.4118 -0.5669 
0.0900 -0.3725 -0.5417 
0.0900 -0.3333 -0.5085 
0.0900 -0.2941 -0.4680 
0.0900 -0.2549 -0.4205 
0.0900 -0.2157 -0.3669 
0.0900 -0.1765 -0.3079 
0.0900 -0.1373 -0.2443 
0.0900 -0.0980 -0.1771 
0.0900 -0.0588 -0.1073 
0.0900 -0.0196 -0.0360 
0.0900 0.0196 0.0360 
0.0900 0.0588 0.1073 
0.0900 0.0980 0.1771 
0.0900 0.1373 0.2443 
0.0900 0.1765 0.3079 
0.0900 0.2157 0.3669 
0.0900 0.2549 0.4205 
0.0900 0.2941 0.4680 
0.0900 0.3333 0.5085 
0.0900 0.3725 0.5417 
0.0900 0.4118 0.5669 
0.0900 0.4510 0.5839 
0.0900 0.4902 0.5925 
0.0900 0.5294 0.5926 
0.0900 0.5686 0.5841 
0.0900 0.6078 0.5674 
0.0900 0.6471 0.5426 
0.0900 0.6863 0.5102 
0.0900 0.7255 0.4705 
0.0900 0.7647 0.4241 
0.0900 0.8039 0.3714 
0.0900 0.8431 0.3128 
0.0900 0.8824 0.2487 
0.0900 0.9216 0.1786 
0.0900 0.9608 0.1019 
0.0900 1.0000 0.0000 

0.0975 -1.0000 0.0000 
0.0975 -0.9608 -0.0980 
0.0975 -0.9216 -0.1718 
0.0975 -0.8824 -0.2391 
0.0975 -0.8431 -0.3007 
0.0975 -0.8039 -0.3569 
0.0975 -0.7647 -0.4073 
0.0975 -0.7255 -0.4518 
0.0975 -0.6863 -0.4896 
0.0975 -0.6471 -0.5206 
0.0975 -0.6078 -0.5441 
0.0975 -0.5686 -0.5600 
0.0975 -0.5294 -0.5679 
0.0975 -0.4902 -0.5677 
0.0975 -0.4510 -0.5593 
0.0975 -0.4118 -0.5429 
0.0975 -0.3725 -0.5186 
0.0975 -0.3333 -0.4868 
0.0975 -0.2941 -0.4479 
0.0975 -0.2549 -0.4025 
0.0975 -0.2157 -0.3511 
0.0975 -0.1765 -0.2946 
0.0975 -0.1373 -0.2338 
0.0975 -0.0980 -0.1695 
0.0975 -0.0588 -0.1027 
0.0975 -0.0196 -0.0344 
0.0975 0.0196 0.0344 
0.0975 0.0588 0.1027 
0.0975 0.0980 0.1695 
0.0975 0.1373 0.2338 
0.0975 0.1765 0.2946 
0.0975 0.2157 0.3511 
0.0975 0.2549 0.4025 
0.0975 0.2941 0.4479 
0.0975 0.3333 0.4868 
0.0975 0.3725 0.5186 
0.0975 0.4118 0.5429 
0.0975 0.4510 0.5593 
0.0975 0.4902 0.5677 
0.0975 0.5294 0.5679 
0.0975 0.5686 0.5600 
0.0975 0.6078 0.5441 
0.0975 0.6471 0.5206 
0.0975 0.6863 0.4896 
0.0975 0.7255 0.4518 
0.0975 0.7647 0.4073 
0.0975 0.8039 0.3569 
0.0975 0.8431 0.3007 
0.0975 0.8824 0.2391 
0.0975 0.9216 0.1718 
0.0975 0.9608 0.0980 
0.0975 1.0000 0.0000 

0.1050 -1.0000 0.0000 
0.1050 -0.9608 -0.0943 
0.1050 -0.9216 -0.1652 
0.1050 -0.8824 -0.2298 
0.1050 -0.8431 -0.2890 
0.1050 -0.8039 -0.3429 
0.1050 -0.7647 -0.3912 
0.1050 -0.7255 -0.4337 
0.1050 -0.6863 -0.4699 
0.1050 -0.6471 -0.4994 
0.1050 -0.6078 -0.5218 
0.1050 -0.5686 -0.5369 
0.1050 -0.5294 -0.5443 
0.1050 -0.4902 -0.5439 
0.1050 -0.4510 -0.5358 
0.1050 -0.4118 -0.5199 
0.1050 -0.3725 -0.4966 
0.1050 -0.3333 -0.4661 
0.1050 -0.2941 -0.4288 
0.1050 -0.2549 -0.3852 
0.1050 -0.2157 -0.3360 
0.1050 -0.1765 -0.2819 
0.1050 -0.1373 -0.2237 
0.1050 -0.0980 -0.1622 
0.1050 -0.0588 -0.0983 
0.1050 -0.0196 -0.0329 
0.1050 0.0196 0.0329 
0.1050 0.0588 0.0983 
0.1050 0.0980 0.1622 
0.1050 0.1373 0.2237 
0.1050 0.1765 0.2819 
0.1050 0.2157 0.3360 
0.1050 0.2549 0.3852 
0.1050 0.2941 0.4288 
0.1050 0.3333 0.4661 
0.1050 0.3725 0.4966 
0.1050 0.4118 0.5199 
0.1050 0.4510 0.5358 
0.1050 0.4902 0.5439 
0.1050 0.5294 0.5443 
0.1050 0.5686 0.5369 
0.1050 0.6078 0.5218 
0.1050 0.6471 0.4994 
0.1050 0.6863 0.4699 
0.1050 0.7255 0.4337 
0.1050 0.7647 0.3912 
0.1050 0.8039 0.3429 
0.1050 0.8431 0.2890 
0.1050 0.8824 0.2298 
0.1050 0.9216 0.1652 
0.1050 0.9608 0.0943 
0.1050 1.0000 0.0000 

0.1125 -1.0000 0.0000 
0.1125 -0.9608 -0.0906 
0.1125 -0.9216 -0.1588 
0.1125 -0.8824 -0.2209 
0.1125 -0.8431 -0.2777 
0.1125 -0.8039 -0.3293 
0.1125 -0.7647 -0.3756 
0.1125 -0.7255 -0.4163 
0.1125 -0.6863 -0.4509 
0.1125 -0.6471 -0.4791 
0.1125 -0.6078 -0.5004 
0.1125 -0.5686 -0.5147 
0.1125 -0.5294 -0.5216 
0.1125 -0.4902 -0.5212 
0.1125 -0.4510 -0.5133 
0.1125 -0.4118 -0.4980 
0.1125 -0.3725 -0.4756 
0.1125 -0.3333 -0.4462 
0.1125 -0.2941 -0.4105 
0.1125 -0.2549 -0.3687 
0.1125 -0.2157 -0.3216 
0.1125 -0.1765 -0.2698 
0.1125 -0.1373 -0.2141 
0.1125 -0.0980 -0.1552 
0.1125 -0.0588 -0.0940 
0.1125 -0.0196 -0.0315 
0.1125 0.0196 0.0315 
0.1125 0.0588 0.0940 
0.1125 0.0980 0.1552 
0.1125 0.1373 0.2141 
0.1125 0.1765 0.2698 
0.1125 0.2157 0.3216 
0.1125 0.2549 0.3687 
0.1125 0.2941 0.4105 
0.1125 0.3333 0.4462 
0.1125 0.3725 0.4756 
0.1125 0.4118 0.4980 
0.1125 0.4510 0.5133 
0.1125 0.4902 0.5212 
0.1125 0.5294 0.5216 
0.1125 0.5686 0.5147 
0.1125 0.6078 0.5004 
0.1125 0.6471 0.4791 
0.1125 0.6863 0.4509 
0.1125 0.7255 0.4163 
0.1125 0.7647 0.3756 
0.1125 0.8039 0.3293 
0.1125 0.8431 0.2777 
0.1125 0.8824 0.2209 
0.1125 0.9216 0.1588 
0.1125 0.9608 0.0906 
0.1125 1.0000 0.0000 

0.1200 -1.0000 0.0000 
0.1200 -0.9608 -0.0871 
0.1200 -0.9216 -0.1525 
0.1200 -0.8824 -0.2122 
0.1200 -0.8431 -0.2667 
0.1200 -0.8039 -0.3162 
0.1200 -0.7647 -0.3606 
0.1200 -0.7255 -0.3996 
0.1200 -0.6863 -0.4327 
0.1200 -0.6471 -0.4595 
0.1200 -0.6078 -0.4799 
0.1200 -0.5686 -0.4934 
0.1200 -0.5294 -0.5000 
0.1200 -0.4902 -0.4994 
0.1200 -0.4510 -0.4917 
0.1200 -0.4118 -0.4770 
0.1200 -0.3725 -0.4554 
0.1200 -0.3333 -0.4273 
0.1200 -0.2941 -0.3930 
0.1200 -0.2549 -0.3530 
0.1200 -0.2157 -0.3079 
0.1200 -0.1765 -0.2583 
0.1200 -0.1373 -0.2049 
0.1200 -0.0980 -0.1485 
0.1200 -0.0588 -0.0900 
0.1200 -0.0196 -0.0301 
0.1200 0.0196 0.0301 
0.1200 0.0588 0.0900 
0.1200 0.0980 0.1485 
0.1200 0.1373 0.2049 
0.1200 0.1765 0.2583 
0.1200 0.2157 0.3079 
0.1200 0.2549 0.3530 
0.1200 0.2941 0.3930 
0.1200 0.3333 0.4273 
0.1200 0.3725 0.4554 
0.1200 0.4118 0.4770 
0.1200 0.4510 0.4917 
0.1200 0.4902 0.4994 
0.1200 0.5294 0.5000 
0.1200 0.5686 0.4934 
0.1200 0.6078 0.4799 
0.1200 0.6471 0.4595 
0.1200 0.6863 0.4327 
0.1200 0.7255 0.3996 
0.1200 0.7647 0.3606 
0.1200 0.8039 0.3162 
0.1200 0.8431 0.2667 
0.1200 0.8824 0.2122 
0.1200 0.9216 0.1525 
0.1200 0.9608 0.0871 
0.1200 1.0000 0.0000 

0.1275 -1.0000 0.0000 
0.1275 -0.9608 -0.0836 
0.1275 -0.9216 -0.1465 
0.1275 -0.8824 -0.2038 
0.1275 -0.8431 -0.2561 
0.1275 -0.8039 -0.3036 
0.1275 -0.7647 -0.3462 
0.1275 -0.7255 -0.3835 
0.1275 -0.6863 -0.4151 
0.1275 -0.6471 -0.4408 
0.1275 -0.6078 -0.4602 
0.1275 -0.5686 -0.4731 
0.1275 -0.5294 -0.4792 
0.1275 -0.4902 -0.4786 
0.1275 -0.4510 -0.4711 
0.1275 -0.4118 -0.4569 
0.1275 -0.3725 -0.4362 
0.1275 -0.3333 -0.4092 
0.1275 -0.2941 -0.3763 
0.1275 -0.2549 -0.3380 
0.1275 -0.2157 -0.2947 
0.1275 -0.1765 -0.2472 
0.1275 -0.1373 -0.1961 
0.1275 -0.0980 -0.1422 
0.1275 -0.0588 -0.0861 
0.1275 -0.0196 -0.0289 
0.1275 0.0196 0.0289 
0.1275 0.0588 0.0861 
0.1275 0.0980 0.1422 
0.1275 0.1373 0.1961 
0.1275 0.1765 0.2472 
0.1275 0.2157 0.2947 
0.1275 0.2549 0.3380 
0.1275 0.2941 0.3763 
0.1275 0.3333 0.4092 
0.1275 0.3725 0.4362 
0.1275 0.4118 0.4569 
0.1275 0.4510 0.4711 
0.1275 0.4902 0.4786 
0.1275 0.5294 0.4792 
0.1275 0.5686 0.4731 
0.1275 0.6078 0.4602 
0.1275 0.6471 0.4408 
0.1275 0.6863 0.4151 
0.1275 0.7255 0.3835 
0.1275 0.7647 0.3462 
0.1275 0.8039 0.3036 
0.1275 0.8431 0.2561 
0.1275 0.8824 0.2038 
0.1275 0.9216 0.1465 
0.1275 0.9608 0.0836 
0.1275 1.0000 0.0000 

0.1350 -1.0000 0.0000 
0.1350 -0.9608 -0.0803 
0.1350 -0.9216 -0.1407 
0.1350 -0.8824 -0.1957 
0.1350 -0.8431 -0.2459 
0.1350 -0.8039 -0.2915 
0.1350 -0.7647 -0.3323 
0.1350 -0.7255 -0.3680 
0.1350 -0.6863 -0.3982 
0.1350 -0.6471 -0.4228 
0.1350 -0.6078 -0.4413 
0.1350 -0.5686 -0.4535 
0.1350 -0.5294 -0.4593 
0.1350 -0.4902 -0.4586 
0.1350 -0.4510 -0.4514 
0.1350 -0.4118 -0.4377 
0.1350 -0.3725 -0.4178 
0.1350 -0.3333 -0.3919 
0.1350 -0.2941 -0.3603 
0.1350 -0.2549 -0.3236 
0.1350 -0.2157 -0.2822 
0.1350 -0.1765 -0.2367 
0.1350 -0.1373 -0.1877 
0.1350 -0.0980 -0.1361 
0.1350 -0.0588 -0.0825 
0.1350 -0.0196 -0.0276 
0.1350 0.0196 0.0276 
0.1350 0.0588 0.0825 
0.1350 0.0980 0.1361 
0.1350 0.1373 0.1877 
0.1350 0.1765 0.2367 
0.1350 0.2157 0.2822 
0.1350 0.2549 0.3236 
0.1350 0.2941 0.3603 
0.1350 0.3333 0.3919 
0.1350 0.3725 0.4178 
0.1350 0.4118 0.4377 
0.1350 0.4510 0.4514 
0.1350 0.4902 0.4586 
0.1350 0.5294 0.4593 
0.1350 0.5686 0.4535 
0.1350 0.6078 0.4413 
0.1350 0.6471 0.4228 
0.1350 0.6863 0.3982 
0.1350 0.7255 0.3680 
0.1350 0.7647 0.3323 
0.1350 0.8039 0.2915 
0.1350 0.8431 0.2459 
0.1350 0.8824 0.1957 
0.1350 0.9216 0.1407 
0.1350 0.9608 0.0803 
0.1350 1.0000 0.0000 

0.1425 -1.0000 0.0000 
0.1425 -0.9608 -0.0771 
0.1425 -0.9216 -0.1351 
0.1425 -0.8824 -0.1879 
0.1425 -0.8431 -0.2360 
0.1425 -0.8039 -0.2798 
0.1425 -0.7647 -0.3189 
0.1425 -0.7255 -0.3531 
0.1425 -0.6863 -0.3820 
0.1425 -0.6471 -0.4055 
0.1425 -0.6078 -0.4231 
0.1425 -0.5686 -0.4348 
0.1425 -0.5294 -0.4403 
0.1425 -0.4902 -0.4395 
0.1425 -0.4510 -0.4325 
0.1425 -0.4118 -0.4193 
0.1425 -0.3725 -0.4002 
0.1425 -0.3333 -0.3753 
0.1425 -0.2941 -0.3451 
0.1425 -0.2549 -0.3099 
0.1425 -0.2157 -0.2702 
0.1425 -0.1765 -0.2266 
0.1425 -0.1373 -0.1797 
0.1425 -0.0980 -0.1303 
0.1425 -0.0588 -0.0789 
0.1425 -0.0196 -0.0264 
0.1425 0.0196 0.0264 
0.1425 0.0588 0.0789 
0.1425 0.0980 0.1303 
0.1425 0.1373 0.1797 
0.1425 0.1765 0.2266 
0.1425 0.2157 0.2702 
0.1425 0.2549 0.3099 
0.1425 0.2941 0.3451 
0.1425 0.3333 0.3753 
0.1425 0.3725 0.4002 
0.1425 0.4118 0.4193 
0.1425 0.4510 0.4325 
0.1425 0.4902 0.4395 
0.1425 0.5294 0.4403 
0.1425 0.5686 0.4348 
0.1425 0.6078 0.4231 
0.1425 0.6471 0.4055 
0.1425 0.6863 0.3820 
0.1425 0.7255 0.3531 
0.1425 0.7647 0.3189 
0.1425 0.8039 0.2798 
0.1425 0.8431 0.2360 
0.1425 0.8824 0.1879 
0.1425 0.9216 0.1351 
0.1425 0.9608 0.0771 
0.1425 1.0000 0.0000 

0.1500 -1.0000 0.0000 
0.1500 -0.9608 -0.0740 
0.1500 -0.9216 -0.1297 
0.1500 -0.8824 -0.1804 
0.1500 -0.8431 -0.2266 
0.1500 -0.8039 -0.2685 
0.1500 -0.7647 -0.3060 
0.1500 -0.7255 -0.3387 
0.1500 -0.6863 -0.3665 
0.1500 -0.6471 -0.3889 
0.1500 -0.6078 -0.4057 
0.1500 -0.5686 -0.4168 
0.1500 -0.5294 -0.4220 
0.1500 -0.4902 -0.4212 
0.1500 -0.4510 -0.4144 
0.1500 -0.4118 -0.4018 
0.1500 -0.3725 -0.3834 
0.1500 -0.3333 -0.3595 
0.1500 -0.2941 -0.3305 
0.1500 -0.2549 -0.2967 
0.1500 -0.2157 -0.2587 
0.1500 -0.1765 -0.2170 
0.1500 -0.1373 -0.1721 
0.1500 -0.0980 -0.1247 
0.1500 -0.0588 -0.0756 
0.1500 -0.0196 -0.0253 
0.1500 0.0196 0.0253 
0.1500 0.0588 0.0756 
0.1500 0.0980 0.1247 
0.1500 0.1373 0.1721 
0.1500 0.1765 0.2170 
0.1500 0.2157 0.2587 
0.1500 0.2549 0.2967 
0.1500 0.2941 0.3305 
0.1500 0.3333 0.3595 
0.1500 0.3725 0.3834 
0.1500 0.4118 0.4018 
0.1500 0.4510 0.4144 
0.1500 0.4902 0.4212 
0.1500 0.5294 0.4220 
0.1500 0.5686 0.4168 
0.1500 0.6078 0.4057 
0.1500 0.6471 0.3889 
0.1500 0.6863 0.3665 
0.1500 0.7255 0.3387 
0.1500 0.7647 0.3060 
0.1500 0.8039 0.2685 
0.1500 0.8431 0.2266 
0.1500 0.8824 0.1804 
0.1500 0.9216 0.1297 
0.1500 0.9608 0.0740 
0.1500 1.0000 0.0000 

0.1575 -1.0000 0.0000 
0.1575 -0.9608 -0.0711 
0.1575 -0.9216 -0.1245 
0.1575 -0.8824 -0.1731 
0.1575 -0.8431 -0.2174 
0.1575 -0.8039 -0.2576 
0.1575 -0.7647 -0.2936 
0.1575 -0.7255 -0.3249 
0.1575 -0.6863 -0.3515 
0.1575 -0.6471 -0.3729 
0.1575 -0.6078 -0.3891 
0.1575 -0.5686 -0.3996 
0.1575 -0.5294 -0.4045 
0.1575 -0.4902 -0.4037 
0.1575 -0.4510 -0.3971 
0.1575 -0.4118 -0.3849 
0.1575 -0.3725 -0.3673 
0.1575 -0.3333 -0.3444 
0.1575 -0.2941 -0.3165 
0.1575 -0.2549 -0.2842 
0.1575 -0.2157 -0.2477 
0.1575 -0.1765 -0.2078 
0.1575 -0.1373 -0.1648 
0.1575 -0.0980 -0.1194 
0.1575 -0.0588 -0.0724 
0.1575 -0.0196 -0.0242 
0.1575 0.0196 0.0242 
0.1575 0.0588 0.0724 
0.1575 0.0980 0.1194 
0.1575 0.1373 0.1648 
0.1575 0.1765 0.2078 
0.1575 0.2157 0.2477 
0.1575 0.2549 0.2842 
0.1575 0.2941 0.3165 
0.1575 0.3333 0.3444 
0.1575 0.3725 0.3673 
0.1575 0.4118 0.3849 
0.1575 0.4510 0.3971 
0.1575 0.4902 0.4037 
0.1575 0.5294 0.4045 
0.1575 0.5686 0.3996 
0.1575 0.6078 0.3891 
0.1575 0.6471 0.3729 
0.1575 0.6863 0.3515 
0.1575 0.7255 0.3249 
0.1575 0.7647 0.2936 
0.1575 0.8039 0.2576 
0.1575 0.8431 0.2174 
0.1575 0.8824 0.1731 
0.1575 0.9216 0.1245 
0.1575 0.9608 0.0711 
0.1575 1.0000 0.0000 

0.1650 -1.0000 0.0000 
0.1650 -0.9608 -0.0682 
0.1650 -0.9216 -0.1195 
0.1650 -0.8824 -0.1661 
0.1650 -0.8431 -0.2087 
0.1650 -0.8039 -0.2472 
0.1650 -0.7647 -0.2816 
0.1650 -0.7255 -0.3117 
0.1650 -0.6863 -0.3371 
0.1650 -0.6471 -0.3577 
0.1650 -0.6078 -0.3730 
0.1650 -0.5686 -0.3831 
0.1650 -0.5294 -0.3878 
0.1650 -0.4902 -0.3869 
0.1650 -0.4510 -0.3806 
0.1650 -0.4118 -0.3688 
0.1650 -0.3725 -0.3519 
0.1650 -0.3333 -0.3299 
0.1650 -0.2941 -0.3032 
0.1650 -0.2549 -0.2722 
0.1650 -0.2157 -0.2373 
0.1650 -0.1765 -0.1990 
0.1650 -0.1373 -0.1578 
0.1650 -0.0980 -0.1144 
0.1650 -0.0588 -0.0693 
0.1650 -0.0196 -0.0232 
0.1650 0.0196 0.0232 
0.1650 0.0588 0.0693 
0.1650 0.0980 0.1144 
0.1650 0.1373 0.1578 
0.1650 0.1765 0.1990 
0.1650 0.2157 0.2373 
0.1650 0.2549 0.2722 
0.1650 0.2941 0.3032 
0.1650 0.3333 0.3299 
0.1650 0.3725 0.3519 
0.1650 0.4118 0.3688 
0.1650 0.4510 0.3806 
0.1650 0.4902 0.3869 
0.1650 0.5294 0.3878 
0.1650 0.5686 0.3831 
0.1650 0.6078 0.3730 
0.1650 0.6471 0.3577 
0.1650 0.6863 0.3371 
0.1650 0.7255 0.3117 
0.1650 0.7647 0.2816 
0.1650 0.8039 0.2472 
0.1650 0.8431 0.2087 
0.1650 0.8824 0.1661 
0.1650 0.9216 0.1195 
0.1650 0.9608 0.0682 
0.1650 1.0000 0.0000 

0.1725 -1.0000 0.0000 
0.1725 -0.9608 -0.0654 
0.1725 -0.9216 -0.1146 
0.1725 -0.8824 -0.1594 
0.1725 -0.8431 -0.2002 
0.1725 -0.8039 -0.2372 
0.1725 -0.7647 -0.2702 
0.1725 -0.7255 -0.2990 
0.1725 -0.6863 -0.3233 
0.1725 -0.6471 -0.3430 
0.1725 -0.6078 -0.3577 
0.1725 -0.5686 -0.3673 
0.1725 -0.5294 -0.3717 
0.1725 -0.4902 -0.3708 
0.1725 -0.4510 -0.3647 
0.1725 -0.4118 -0.3534 
0.1725 -0.3725 -0.3371 
0.1725 -0.3333 -0.3160 
0.1725 -0.2941 -0.2904 
0.1725 -0.2549 -0.2607 
0.1725 -0.2157 -0.2272 
0.1725 -0.1765 -0.1905 
0.1725 -0.1373 -0.1511 
0.1725 -0.0980 -0.1095 
0.1725 -0.0588 -0.0663 
0.1725 -0.0196 -0.0222 
0.1725 0.0196 0.0222 
0.1725 0.0588 0.0663 
0.1725 0.0980 0.1095 
0.1725 0.1373 0.1511 
0.1725 0.1765 0.1905 
0.1725 0.2157 0.2272 
0.1725 0.2549 0.2607 
0.1725 0.2941 0.2904 
0.1725 0.3333 0.3160 
0.1725 0.3725 0.3371 
0.1725 0.4118 0.3534 
0.1725 0.4510 0.3647 
0.1725 0.4902 0.3708 
0.1725 0.5294 0.3717 
0.1725 0.5686 0.3673 
0.1725 0.6078 0.3577 
0.1725 0.6471 0.3430 
0.1725 0.6863 0.3233 
0.1725 0.7255 0.2990 
0.1725 0.7647 0.2702 
0.1725 0.8039 0.2372 
0.1725 0.8431 0.2002 
0.1725 0.8824 0.1594 
0.1725 0.9216 0.1146 
0.1725 0.9608 0.0654 
0.1725 1.0000 0.0000 

0.1800 -1.0000 0.0000 
0.1800 -0.9608 -0.0628 
0.1800 -0.9216 -0.1100 
0.1800 -0.8824 -0.1529 
0.1800 -0.8431 -0.1921 
0.1800 -0.8039 -0.2275 
0.1800 -0.7647 -0.2592 
0.1800 -0.7255 -0.2868 
0.1800 -0.6863 -0.3101 
0.1800 -0.6471 -0.3289 
0.1800 -0.6078 -0.3429 
0.1800 -0.5686 -0.3521 
0.1800 -0.5294 -0.3563 
0.1800 -0.4902 -0.3554 
0.1800 -0.4510 -0.3495 
0.1800 -0.4118 -0.3386 
0.1800 -0.3725 -0.3230 
0.1800 -0.3333 -0.3027 
0.1800 -0.2941 -0.2782 
0.1800 -0.2549 -0.2497 
0.1800 -0.2157 -0.2176 
0.1800 -0.1765 -0.1825 
0.1800 -0.1373 -0.1447 
0.1800 -0.0980 -0.1049 
0.1800 -0.0588 -0.0635 
0.1800 -0.0196 -0.0213 
0.1800 0.0196 0.0213 
0.1800 0.0588 0.0635 
0.1800 0.0980 0.1049 
0.1800 0.1373 0.1447 
0.1800 0.1765 0.1825 
0.1800 0.2157 0.2176 
0.1800 0.2549 0.2497 
0.1800 0.2941 0.2782 
0.1800 0.3333 0.3027 
0.1800 0.3725 0.3230 
0.1800 0.4118 0.3386 
0.1800 0.4510 0.3495 
0.1800 0.4902 0.3554 
0.1800 0.5294 0.3563 
0.1800 0.5686 0.3521 
0.1800 0.6078 0.3429 
0.1800 0.6471 0.3289 
0.1800 0.6863 0.3101 
0.1800 0.7255 0.2868 
0.1800 0.7647 0.2592 
0.1800 0.8039 0.2275 
0.1800 0.8431 0.1921 
0.1800 0.8824 0.1529 
0.1800 0.9216 0.1100 
0.1800 0.9608 0.0628 
0.1800 1.0000 0.0000 

0.1875 -1.0000 0.0000 
0.1875 -0.9608 -0.0603 
0.1875 -0.9216 -0.1055 
0.1875 -0.8824 -0.1467 
0.1875 -0.8431 -0.1843 
0.1875 -0.8039 -0.2183 
0.1875 -0.7647 -0.2486 
0.1875 -0.7255 -0.2750 
0.1875 -0.6863 -0.2974 
0.1875 -0.6471 -0.3154 
0.1875 -0.6078 -0.3288 
0.1875 -0.5686 -0.3375 
0.1875 -0.5294 -0.3415 
0.1875 -0.4902 -0.3406 
0.1875 -0.4510 -0.3349 
0.1875 -0.4118 -0.3245 
0.1875 -0.3725 -0.3095 
0.1875 -0.3333 -0.2900 
0.1875 -0.2941 -0.2665 
0.1875 -0.2549 -0.2392 
0.1875 -0.2157 -0.2085 
0.1875 -0.1765 -0.1748 
0.1875 -0.1373 -0.1386 
0.1875 -0.0980 -0.1004 
0.1875 -0.0588 -0.0608 
0.1875 -0.0196 -0.0204 
0.1875 0.0196 0.0204 
0.1875 0.0588 0.0608 
0.1875 0.0980 0.1004 
0.1875 0.1373 0.1386 
0.1875 0.1765 0.1748 
0.1875 0.2157 0.2085 
0.1875 0.2549 0.2392 
0.1875 0.2941 0.2665 
0.1875 0.3333 0.2900 
0.1875 0.3725 0.3095 
0.1875 0.4118 0.3245 
0.1875 0.4510 0.3349 
0.1875 0.4902 0.3406 
0.1875 0.5294 0.3415 
0.1875 0.5686 0.3375 
0.1875 0.6078 0.3288 
0.1875 0.6471 0.3154 
0.1875 0.6863 0.2974 
0.1875 0.7255 0.2750 
0.1875 0.7647 0.2486 
0.1875 0.8039 0.2183 
0.1875 0.8431 0.1843 
0.1875 0.8824 0.1467 
0.1875 0.9216 0.1055 
0.1875 0.9608 0.0603 
0.1875 1.0000 0.0000 

0.1950 -1.0000 0.0000 
0.1950 -0.9608 -0.0578 
0.1950 -0.9216 -0.1013 
0.1950 -0.8824 -0.1408 
0.1950 -0.8431 -0.1768 
0.1950 -0.8039 -0.2094 
0.1950 -0.7647 -0.2384 
0.1950 -0.7255 -0.2638 
0.1950 -0.6863 -0.2852 
0.1950 -0.6471 -0.3024 
0.1950 -0.6078 -0.3152 
0.1950 -0.5686 -0.3236 
0.1950 -0.5294 -0.3274 
0.1950 -0.4902 -0.3265 
0.1950 -0.4510 -0.3210 
0.1950 -0.4118 -0.3110 
0.1950 -0.3725 -0.2965 
0.1950 -0.3333 -0.2779 
0.1950 -0.2941 -0.2553 
0.1950 -0.2549 -0.2291 
0.1950 -0.2157 -0.1997 
0.1950 -0.1765 -0.1674 
0.1950 -0.1373 -0.1328 
0.1950 -0.0980 -0.0962 
0.1950 -0.0588 -0.0583 
0.1950 -0.0196 -0.0195 
0.1950 0.0196 0.0195 
0.1950 0.0588 0.0583 
0.1950 0.0980 0.0962 
0.1950 0.1373 0.1328 
0.1950 0.1765 0.1674 
0.1950 0.2157 0.1997 
0.1950 0.2549 0.2291 
0.1950 0.2941 0.2553 
0.1950 0.3333 0.2779 
0.1950 0.3725 0.2965 
0.1950 0.4118 0.3110 
0.1950 0.4510 0.3210 
0.1950 0.4902 0.3265 
0.1950 0.5294 0.3274 
0.1950 0.5686 0.3236 
0.1950 0.6078 0.3152 
0.1950 0.6471 0.3024 
0.1950 0.6863 0.2852 
0.1950 0.7255 0.2638 
0.1950 0.7647 0.2384 
0.1950 0.8039 0.2094 
0.1950 0.8431 0.1768 
0.1950 0.8824 0.1408 
0.1950 0.9216 0.1013 
0.1950 0.9608 0.0578 
0.1950 1.0000 0.0000 

0.2025 -1.0000 0.0000 
0.2025 -0.9608 -0.0554 
0.2025 -0.9216 -0.0971 
0.2025 -0.8824 -0.1350 
0.2025 -0.8431 -0.1695 
0.2025 -0.8039 -0.2008 
0.2025 -0.7647 -0.2287 
0.2025 -0.7255 -0.2530 
0.2025 -0.6863 -0.2735 
0.2025 -0.6471 -0.2899 
0.2025 -0.6078 -0.3022 
0.2025 -0.5686 -0.3102 
0.2025 -0.5294 -0.3138 
0.2025 -0.4902 -0.3129 
0.2025 -0.4510 -0.3076 
0.2025 -0.4118 -0.2980 
0.2025 -0.3725 -0.2841 
0.2025 -0.3333 -0.2663 
0.2025 -0.2941 -0.2446 
0.2025 -0.2549 -0.2195 
0.2025 -0.2157 -0.1913 
0.2025 -0.1765 -0.1604 
0.2025 -0.1373 -0.1272 
0.2025 -0.0980 -0.0921 
0.2025 -0.0588 -0.0558 
0.2025 -0.0196 -0.0187 
0.2025 0.0196 0.0187 
0.2025 0.0588 0.0558 
0.2025 0.0980 0.0921 
0.2025 0.1373 0.1272 
0.2025 0.1765 0.1604 
0.2025 0.2157 0.1913 
0.2025 0.2549 0.2195 
0.2025 0.2941 0.2446 
0.2025 0.3333 0.2663 
0.2025 0.3725 0.2841 
0.2025 0.4118 0.2980 
0.2025 0.4510 0.3076 
0.2025 0.4902 0.3129 
0.2025 0.5294 0.3138 
0.2025 0.5686 0.3102 
0.2025 0.6078 0.3022 
0.2025 0.6471 0.2899 
0.2025 0.6863 0.2735 
0.2025 0.7255 0.2530 
0.2025 0.7647 0.2287 
0.2025 0.8039 0.2008 
0.2025 0.8431 0.1695 
0.2025 0.8824 0.1350 
0.2025 0.9216 0.0971 
0.2025 0.9608 0.0554 
0.2025 1.0000 0.0000 

0.2100 -1.0000 0.0000 
0.2100 -0.9608 -0.0532 
0.2100 -0.9216 -0.0932 
0.2100 -0.8824 -0.1295 
0.2100 -0.8431 -0.1626 
0.2100 -0.8039 -0.1926 
0.2100 -0.7647 -0.2193 
0.2100 -0.7255 -0.2426 
0.2100 -0.6863 -0.2622 
0.2100 -0.6471 -0.2780 
0.2100 -0.6078 -0.2898 
0.2100 -0.5686 -0.2974 
0.2100 -0.5294 -0.3008 
0.2100 -0.4902 -0.2999 
0.2100 -0.4510 -0.2948 
0.2100 -0.4118 -0.2856 
0.2100 -0.3725 -0.2723 
0.2100 -0.3333 -0.2551 
0.2100 -0.2941 -0.2344 
0.2100 -0.2549 -0.2103 
0.2100 -0.2157 -0.1833 
0.2100 -0.1765 -0.1536 
0.2100 -0.1373 -0.1218 
0.2100 -0.0980 -0.0883 
0.2100 -0.0588 -0.0535 
0.2100 -0.0196 -0.0179 
0.2100 0.0196 0.0179 
0.2100 0.0588 0.0535 
0.2100 0.0980 0.0883 
0.2100 0.1373 0.1218 
0.2100 0.1765 0.1536 
0.2100 0.2157 0.1833 
0.2100 0.2549 0.2103 
0.2100 0.2941 0.2344 
0.2100 0.3333 0.2551 
0.2100 0.3725 0.2723 
0.2100 0.4118 0.2856 
0.2100 0.4510 0.2948 
0.2100 0.4902 0.2999 
0.2100 0.5294 0.3008 
0.2100 0.5686 0.2974 
0.2100 0.6078 0.2898 
0.2100 0.6471 0.2780 
0.2100 0.6863 0.2622 
0.2100 0.7255 0.2426 
0.2100 0.7647 0.2193 
0.2100 0.8039 0.1926 
0.2100 0.8431 0.1626 
0.2100 0.8824 0.1295 
0.2100 0.9216 0.0932 
0.2100 0.9608 0.0532 
0.2100 1.0000 0.0000 

0.2175 -1.0000 0.0000 
0.2175 -0.9608 -0.0510 
0.2175 -0.9216 -0.0894 
0.2175 -0.8824 -0.1242 
0.2175 -0.8431 -0.1560 
0.2175 -0.8039 -0.1847 
0.2175 -0.7647 -0.2103 
0.2175 -0.7255 -0.2326 
0.2175 -0.6863 -0.2514 
0.2175 -0.6471 -0.2665 
0.2175 -0.6078 -0.2778 
0.2175 -0.5686 -0.2851 
0.2175 -0.5294 -0.2883 
0.2175 -0.4902 -0.2875 
0.2175 -0.4510 -0.2826 
0.2175 -0.4118 -0.2737 
0.2175 -0.3725 -0.2609 
0.2175 -0.3333 -0.2445 
0.2175 -0.2941 -0.2246 
0.2175 -0.2549 -0.2015 
0.2175 -0.2157 -0.1756 
0.2175 -0.1765 -0.1472 
0.2175 -0.1373 -0.1167 
0.2175 -0.0980 -0.0846 
0.2175 -0.0588 -0.0512 
0.2175 -0.0196 -0.0172 
0.2175 0.0196 0.0172 
0.2175 0.0588 0.0512 
0.2175 0.0980 0.0846 
0.2175 0.1373 0.1167 
0.2175 0.1765 0.1472 
0.2175 0.2157 0.1756 
0.2175 0.2549 0.2015 
0.2175 0.2941 0.2246 
0.2175 0.3333 0.2445 
0.2175 0.3725 0.2609 
0.2175 0.4118 0.2737 
0.2175 0.4510 0.2826 
0.2175 0.4902 0.2875 
0.2175 0.5294 0.2883 
0.2175 0.5686 0.2851 
0.2175 0.6078 0.2778 
0.2175 0.6471 0.2665 
0.2175 0.6863 0.2514 
0.2175 0.7255 0.2326 
0.2175 0.7647 0.2103 
0.2175 0.8039 0.1847 
0.2175 0.8431 0.1560 
0.2175 0.8824 0.1242 
0.2175 0.9216 0.0894 
0.2175 0.9608 0.0510 
0.2175 1.0000 0.0000 

0.2250 -1.0000 0.0000 
0.2250 -0.9608 -0.0489 
0.2250 -0.9216 -0.0857 
0.2250 -0.8824 -0.1191 
0.2250 -0.8431 -0.1496 
0.2250 -0.8039 -0.1771 
0.2250 -0.7647 -0.2017 
0.2250 -0.7255 -0.2231 
0.2250 -0.6863 -0.2411 
0.2250 -0.6471 -0.2555 
0.2250 -0.6078 -0.2663 
0.2250 -0.5686 -0.2733 
0.2250 -0.5294 -0.2764 
0.2250 -0.4902 -0.2755 
0.2250 -0.4510 -0.2708 
0.2250 -0.4118 -0.2623 
0.2250 -0.3725 -0.2500 
0.2250 -0.3333 -0.2343 
0.2250 -0.2941 -0.2152 
0.2250 -0.2549 -0.1931 
0.2250 -0.2157 -0.1682 
0.2250 -0.1765 -0.1410 
0.2250 -0.1373 -0.1118 
0.2250 -0.0980 -0.0810 
0.2250 -0.0588 -0.0491 
0.2250 -0.0196 -0.0164 
0.2250 0.0196 0.0164 
0.2250 0.0588 0.0491 
0.2250 0.0980 0.0810 
0.2250 0.1373 0.1118 
0.2250 0.1765 0.1410 
0.2250 0.2157 0.1682 
0.2250 0.2549 0.1931 
0.2250 0.2941 0.2152 
0.2250 0.3333 0.2343 
0.2250 0.3725 0.2500 
0.2250 0.4118 0.2623 
0.2250 0.4510 0.2708 
0.2250 0.4902 0.2755 
0.2250 0.5294 0.2764 
0.2250 0.5686 0.2733 
0.2250 0.6078 0.2663 
0.2250 0.6471 0.2555 
0.2250 0.6863 0.2411 
0.2250 0.7255 0.2231 
0.2250 0.7647 0.2017 
0.2250 0.8039 0.1771 
0.2250 0.8431 0.1496 
0.2250 0.8824 0.1191 
0.2250 0.9216 0.0857 
0.2250 0.9608 0.0489 
0.2250 1.0000 0.0000 

0.2325 -1.0000 0.0000 
0.2325 -0.9608 -0.0469 
0.2325 -0.9216 -0.0822 
0.2325 -0.8824 -0.1143 
0.2325 -0.8431 -0.1434 
0.2325 -0.8039 -0.1699 
0.2325 -0.7647 -0.1934 
0.2325 -0.7255 -0.2139 
0.2325 -0.6863 -0.2311 
0.2325 -0.6471 -0.2450 
0.2325 -0.6078 -0.2553 
0.2325 -0.5686 -0.2620 
0.2325 -0.5294 -0.2649 
0.2325 -0.4902 -0.2641 
0.2325 -0.4510 -0.2596 
0.2325 -0.4118 -0.2513 
0.2325 -0.3725 -0.2396 
0.2325 -0.3333 -0.2245 
0.2325 -0.2941 -0.2062 
0.2325 -0.2549 -0.1850 
0.2325 -0.2157 -0.1612 
0.2325 -0.1765 -0.1351 
0.2325 -0.1373 -0.1071 
0.2325 -0.0980 -0.0776 
0.2325 -0.0588 -0.0470 
0.2325 -0.0196 -0.0157 
0.2325 0.0196 0.0157 
0.2325 0.0588 0.0470 
0.2325 0.0980 0.0776 
0.2325 0.1373 0.1071 
0.2325 0.1765 0.1351 
0.2325 0.2157 0.1612 
0.2325 0.2549 0.1850 
0.2325 0.2941 0.2062 
0.2325 0.3333 0.2245 
0.2325 0.3725 0.2396 
0.2325 0.4118 0.2513 
0.2325 0.4510 0.2596 
0.2325 0.4902 0.2641 
0.2325 0.5294 0.2649 
0.2325 0.5686 0.2620 
0.2325 0.6078 0.2553 
0.2325 0.6471 0.2450 
0.2325 0.6863 0.2311 
0.2325 0.7255 0.2139 
0.2325 0.7647 0.1934 
0.2325 0.8039 0.1699 
0.2325 0.8431 0.1434 
0.2325 0.8824 0.1143 
0.2325 0.9216 0.0822 
0.2325 0.9608 0.0469 
0.2325 1.0000 0.0000 

0.2400 -1.0000 0.0000 
0.2400 -0.9608 -0.0450 
0.2400 -0.9216 -0.0788 
0.2400 -0.8824 -0.1096 
0.2400 -0.8431 -0.1376 
0.2400 -0.8039 -0.1629 
0.2400 -0.7647 -0.1854 
0.2400 -0.7255 -0.2051 
0.2400 -0.6863 -0.2216 
0.2400 -0.6471 -0.2349 
0.2400 -0.6078 -0.2448 
0.2400 -0.5686 -0.2511 
0.2400 -0.5294 -0.2539 
0.2400 -0.4902 -0.2531 
0.2400 -0.4510 -0.2488 
0.2400 -0.4118 -0.2409 
0.2400 -0.3725 -0.2296 
0.2400 -0.3333 -0.2151 
0.2400 -0.2941 -0.1976 
0.2400 -0.2549 -0.1773 
0.2400 -0.2157 -0.1544 
0.2400 -0.1765 -0.1294 
0.2400 -0.1373 -0.1026 
0.2400 -0.0980 -0.0744 
0.2400 -0.0588 -0.0450 
0.2400 -0.0196 -0.0151 
0.2400 0.0196 0.0151 
0.2400 0.0588 0.0450 
0.2400 0.0980 0.0744 
0.2400 0.1373 0.1026 
0.2400 0.1765 0.1294 
0.2400 0.2157 0.1544 
0.2400 0.2549 0.1773 
0.2400 0.2941 0.1976 
0.2400 0.3333 0.2151 
0.2400 0.3725 0.2296 
0.2400 0.4118 0.2409 
0.2400 0.4510 0.2488 
0.2400 0.4902 0.2531 
0.2400 0.5294 0.2539 
0.2400 0.5686 0.2511 
0.2400 0.6078 0.2448 
0.2400 0.6471 0.2349 
0.2400 0.6863 0.2216 
0.2400 0.7255 0.2051 
0.2400 0.7647 0.1854 
0.2400 0.8039 0.1629 
0.2400 0.8431 0.1376 
0.2400 0.8824 0.1096 
0.2400 0.9216 0.0788 
0.2400 0.9608 0.0450 
0.2400 1.0000 0.0000 

0.2475 -1.0000 0.0000 
0.2475 -0.9608 -0.0432 
0.2475 -0.9216 -0.0756 
0.2475 -0.8824 -0.1051 
0.2475 -0.8431 -0.1319 
0.2475 -0.8039 -0.1562 
0.2475 -0.7647 -0.1778 
0.2475 -0.7255 -0.1966 
0.2475 -0.6863 -0.2125 
0.2475 -0.6471 -0.2252 
0.2475 -0.6078 -0.2347 
0.2475 -0.5686 -0.2407 
0.2475 -0.5294 -0.2434 
0.2475 -0.4902 -0.2426 
0.2475 -0.4510 -0.2384 
0.2475 -0.4118 -0.2309 
0.2475 -0.3725 -0.2200 
0.2475 -0.3333 -0.2061 
0.2475 -0.2941 -0.1893 
0.2475 -0.2549 -0.1698 
0.2475 -0.2157 -0.1480 
0.2475 -0.1765 -0.1240 
0.2475 -0.1373 -0.0983 
0.2475 -0.0980 -0.0712 
0.2475 -0.0588 -0.0431 
0.2475 -0.0196 -0.0145 
0.2475 0.0196 0.0145 
0.2475 0.0588 0.0431 
0.2475 0.0980 0.0712 
0.2475 0.1373 0.0983 
0.2475 0.1765 0.1240 
0.2475 0.2157 0.1480 
0.2475 0.2549 0.1698 
0.2475 0.2941 0.1893 
0.2475 0.3333 0.2061 
0.2475 0.3725 0.2200 
0.2475 0.4118 0.2309 
0.2475 0.4510 0.2384 
0.2475 0.4902 0.2426 
0.2475 0.5294 0.2434 
0.2475 0.5686 0.2407 
0.2475 0.6078 0.2347 
0.2475 0.6471 0.2252 
0.2475 0.6863 0.2125 
0.2475 0.7255 0.1966 
0.2475 0.7647 0.1778 
0.2475 0.8039 0.1562 
0.2475 0.8431 0.1319 
0.2475 0.8824 0.1051 
0.2475 0.9216 0.0756 
0.2475 0.9608 0.0432 
0.2475 1.0000 0.0000 

0.2550 -1.0000 0.0000 
0.2550 -0.9608 -0.0414 
0.2550 -0.9216 -0.0725 
0.2550 -0.8824 -0.1008 
0.2550 -0.8431 -0.1265 
0.2550 -0.8039 -0.1498 
0.2550 -0.7647 -0.1705 
0.2550 -0.7255 -0.1885 
0.2550 -0.6863 -0.2037 
0.2550 -0.6471 -0.2159 
0.2550 -0.6078 -0.2250 
0.2550 -0.5686 -0.2308 
0.2550 -0.5294 -0.2333 
0.2550 -0.4902 -0.2326 
0.2550 -0.4510 -0.2285 
0.2550 -0.4118 -0.2213 
0.2550 -0.3725 -0.2109 
0.2550 -0.3333 -0.1975 
0.2550 -0.2941 -0.1814 
0.2550 -0.2549 -0.1628 
0.2550 -0.2157 -0.1418 
0.2550 -0.1765 -0.1188 
0.2550 -0.1373 -0.0942 
0.2550 -0.0980 -0.0683 
0.2550 -0.0588 -0.0413 
0.2550 -0.0196 -0.0138 
0.2550 0.0196 0.0138 
0.2550 0.0588 0.0413 
0.2550 0.0980 0.0683 
0.2550 0.1373 0.0942 
0.2550 0.1765 0.1188 
0.2550 0.2157 0.1418 
0.2550 0.2549 0.1628 
0.2550 0.2941 0.1814 
0.2550 0.3333 0.1975 
0.2550 0.3725 0.2109 
0.2550 0.4118 0.2213 
0.2550 0.4510 0.2285 
0.2550 0.4902 0.2326 
0.2550 0.5294 0.2333 
0.2550 0.5686 0.2308 
0.2550 0.6078 0.2250 
0.2550 0.6471 0.2159 
0.2550 0.6863 0.2037 
0.2550 0.7255 0.1885 
0.2550 0.7647 0.1705 
0.2550 0.8039 0.1498 
0.2550 0.8431 0.1265 
0.2550 0.8824 0.1008 
0.2550 0.9216 0.0725 
0.2550 0.9608 0.0414 
0.2550 1.0000 0.0000 

0.2625 -1.0000 0.0000 
0.2625 -0.9608 -0.0397 
0.2625 -0.9216 -0.0695 
0.2625 -0.8824 -0.0966 
0.2625 -0.8431 -0.1213 
0.2625 -0.8039 -0.1436 
0.2625 -0.7647 -0.1635 
0.2625 -0.7255 -0.1808 
0.2625 -0.6863 -0.1953 
0.2625 -0.6471 -0.2070 
0.2625 -0.6078 -0.2156 
0.2625 -0.5686 -0.2212 
0.2625 -0.5294 -0.2237 
0.2625 -0.4902 -0.2229 
0.2625 -0.4510 -0.2190 
0.2625 -0.4118 -0.2121 
0.2625 -0.3725 -0.2021 
0.2625 -0.3333 -0.1893 
0.2625 -0.2941 -0.1739 
0.2625 -0.2549 -0.1560 
0.2625 -0.2157 -0.1359 
0.2625 -0.1765 -0.1139 
0.2625 -0.1373 -0.0903 
0.2625 -0.0980 -0.0654 
0.2625 -0.0588 -0.0396 
0.2625 -0.0196 -0.0133 
0.2625 0.0196 0.0133 
0.2625 0.0588 0.0396 
0.2625 0.0980 0.0654 
0.2625 0.1373 0.0903 
0.2625 0.1765 0.1139 
0.2625 0.2157 0.1359 
0.2625 0.2549 0.1560 
0.2625 0.2941 0.1739 
0.2625 0.3333 0.1893 
0.2625 0.3725 0.2021 
0.2625 0.4118 0.2121 
0.2625 0.4510 0.2190 
0.2625 0.4902 0.2229 
0.2625 0.5294 0.2237 
0.2625 0.5686 0.2212 
0.2625 0.6078 0.2156 
0.2625 0.6471 0.2070 
0.2625 0.6863 0.1953 
0.2625 0.7255 0.1808 
0.2625 0.7647 0.1635 
0.2625 0.8039 0.1436 
0.2625 0.8431 0.1213 
0.2625 0.8824 0.0966 
0.2625 0.9216 0.0695 
0.2625 0.9608 0.0397 
0.2625 1.0000 0.0000 

0.2700 -1.0000 0.0000 
0.2700 -0.9608 -0.0380 
0.2700 -0.9216 -0.0666 
0.2700 -0.8824 -0.0926 
0.2700 -0.8431 -0.1163 
0.2700 -0.8039 -0.1377 
0.2700 -0.7647 -0.1567 
0.2700 -0.7255 -0.1733 
0.2700 -0.6863 -0.1872 
0.2700 -0.6471 -0.1984 
0.2700 -0.6078 -0.2067 
0.2700 -0.5686 -0.2121 
0.2700 -0.5294 -0.2144 
0.2700 -0.4902 -0.2137 
0.2700 -0.4510 -0.2099 
0.2700 -0.4118 -0.2032 
0.2700 -0.3725 -0.1937 
0.2700 -0.3333 -0.1814 
0.2700 -0.2941 -0.1666 
0.2700 -0.2549 -0.1495 
0.2700 -0.2157 -0.1302 
0.2700 -0.1765 -0.1091 
0.2700 -0.1373 -0.0865 
0.2700 -0.0980 -0.0627 
0.2700 -0.0588 -0.0380 
0.2700 -0.0196 -0.0127 
0.2700 0.0196 0.0127 
0.2700 0.0588 0.0380 
0.2700 0.0980 0.0627 
0.2700 0.1373 0.0865 
0.2700 0.1765 0.1091 
0.2700 0.2157 0.1302 
0.2700 0.2549 0.1495 
0.2700 0.2941 0.1666 
0.2700 0.3333 0.1814 
0.2700 0.3725 0.1937 
0.2700 0.4118 0.2032 
0.2700 0.4510 0.2099 
0.2700 0.4902 0.2137 
0.2700 0.5294 0.2144 
0.2700 0.5686 0.2121 
0.2700 0.6078 0.2067 
0.2700 0.6471 0.1984 
0.2700 0.6863 0.1872 
0.2700 0.7255 0.1733 
0.2700 0.7647 0.1567 
0.2700 0.8039 0.1377 
0.2700 0.8431 0.1163 
0.2700 0.8824 0.0926 
0.2700 0.9216 0.0666 
0.2700 0.9608 0.0380 
0.2700 1.0000 0.0000 

0.2775 -1.0000 0.0000 
0.2775 -0.9608 -0.0365 
0.2775 -0.9216 -0.0639 
0.2775 -0.8824 -0.0888 
0.2775 -0.8431 -0.1115 
0.2775 -0.8039 -0.1320 
0.2775 -0.7647 -0.1503 
0.2775 -0.7255 -0.1662 
0.2775 -0.6863 -0.1795 
0.2775 -0.6471 -0.1902 
0.2775 -0.6078 -0.1982 
0.2775 -0.5686 -0.2033 
0.2775 -0.5294 -0.2055 
0.2775 -0.4902 -0.2048 
0.2775 -0.4510 -0.2012 
0.2775 -0.4118 -0.1948 
0.2775 -0.3725 -0.1856 
0.2775 -0.3333 -0.1739 
0.2775 -0.2941 -0.1597 
0.2775 -0.2549 -0.1432 
0.2775 -0.2157 -0.1248 
0.2775 -0.1765 -0.1046 
0.2775 -0.1373 -0.0829 
0.2775 -0.0980 -0.0601 
0.2775 -0.0588 -0.0364 
0.2775 -0.0196 -0.0122 
0.2775 0.0196 0.0122 
0.2775 0.0588 0.0364 
0.2775 0.0980 0.0601 
0.2775 0.1373 0.0829 
0.2775 0.1765 0.1046 
0.2775 0.2157 0.1248 
0.2775 0.2549 0.1432 
0.2775 0.2941 0.1597 
0.2775 0.3333 0.1739 
0.2775 0.3725 0.1856 
0.2775 0.4118 0.1948 
0.2775 0.4510 0.2012 
0.2775 0.4902 0.2048 
0.2775 0.5294 0.2055 
0.2775 0.5686 0.2033 
0.2775 0.6078 0.1982 
0.2775 0.6471 0.1902 
0.2775 0.6863 0.1795 
0.2775 0.7255 0.1662 
0.2775 0.7647 0.1503 
0.2775 0.8039 0.1320 
0.2775 0.8431 0.1115 
0.2775 0.8824 0.0888 
0.2775 0.9216 0.0639 
0.2775 0.9608 0.0365 
0.2775 1.0000 0.0000 

0.2850 -1.0000 0.0000 
0.2850 -0.9608 -0.0350 
0.2850 -0.9216 -0.0613 
0.2850 -0.8824 -0.0852 
0.2850 -0.8431 -0.1069 
0.2850 -0.8039 -0.1266 
0.2850 -0.7647 -0.1441 
0.2850 -0.7255 -0.1593 
0.2850 -0.6863 -0.1721 
0.2850 -0.6471 -0.1824 
0.2850 -0.6078 -0.1900 
0.2850 -0.5686 -0.1949 
0.2850 -0.5294 -0.1970 
0.2850 -0.4902 -0.1963 
0.2850 -0.4510 -0.1929 
0.2850 -0.4118 -0.1867 
0.2850 -0.3725 -0.1779 
0.2850 -0.3333 -0.1666 
0.2850 -0.2941 -0.1530 
0.2850 -0.2549 -0.1373 
0.2850 -0.2157 -0.1196 
0.2850 -0.1765 -0.1002 
0.2850 -0.1373 -0.0794 
0.2850 -0.0980 -0.0575 
0.2850 -0.0588 -0.0349 
0.2850 -0.0196 -0.0117 
0.2850 0.0196 0.0117 
0.2850 0.0588 0.0349 
0.2850 0.0980 0.0575 
0.2850 0.1373 0.0794 
0.2850 0.1765 0.1002 
0.2850 0.2157 0.1196 
0.2850 0.2549 0.1373 
0.2850 0.2941 0.1530 
0.2850 0.3333 0.1666 
0.2850 0.3725 0.1779 
0.2850 0.4118 0.1867 
0.2850 0.4510 0.1929 
0.2850 0.4902 0.1963 
0.2850 0.5294 0.1970 
0.2850 0.5686 0.1949 
0.2850 0.6078 0.1900 
0.2850 0.6471 0.1824 
0.2850 0.6863 0.1721 
0.2850 0.7255 0.1593 
0.2850 0.7647 0.1441 
0.2850 0.8039 0.1266 
0.2850 0.8431 0.1069 
0.2850 0.8824 0.0852 
0.2850 0.9216 0.0613 
0.2850 0.9608 0.0350 
0.2850 1.0000 0.0000 

0.2925 -1.0000 0.0000 
0.2925 -0.9608 -0.0335 
0.2925 -0.9216 -0.0587 
0.2925 -0.8824 -0.0816 
0.2925 -0.8431 -0.1025 
0.2925 -0.8039 -0.1213 
0.2925 -0.7647 -0.1381 
0.2925 -0.7255 -0.1527 
0.2925 -0.6863 -0.1650 
0.2925 -0.6471 -0.1748 
0.2925 -0.6078 -0.1821 
0.2925 -0.5686 -0.1868 
0.2925 -0.5294 -0.1888 
0.2925 -0.4902 -0.1882 
0.2925 -0.4510 -0.1849 
0.2925 -0.4118 -0.1789 
0.2925 -0.3725 -0.1705 
0.2925 -0.3333 -0.1597 
0.2925 -0.2941 -0.1467 
0.2925 -0.2549 -0.1315 
0.2925 -0.2157 -0.1146 
0.2925 -0.1765 -0.0960 
0.2925 -0.1373 -0.0761 
0.2925 -0.0980 -0.0551 
0.2925 -0.0588 -0.0334 
0.2925 -0.0196 -0.0112 
0.2925 0.0196 0.0112 
0.2925 0.0588 0.0334 
0.2925 0.0980 0.0551 
0.2925 0.1373 0.0761 
0.2925 0.1765 0.0960 
0.2925 0.2157 0.1146 
0.2925 0.2549 0.1315 
0.2925 0.2941 0.1467 
0.2925 0.3333 0.1597 
0.2925 0.3725 0.1705 
0.2925 0.4118 0.1789 
0.2925 0.4510 0.1849 
0.2925 0.4902 0.1882 
0.2925 0.5294 0.1888 
0.2925 0.5686 0.1868 
0.2925 0.6078 0.1821 
0.2925 0.6471 0.1748 
0.2925 0.6863 0.1650 
0.2925 0.7255 0.1527 
0.2925 0.7647 0.1381 
0.2925 0.8039 0.1213 
0.2925 0.8431 0.1025 
0.2925 0.8824 0.0816 
0.2925 0.9216 0.0587 
0.2925 0.9608 0.0335 
0.2925 1.0000 0.0000 

0.3000 -1.0000 0.0000 
0.3000 -0.9608 -0.0322 
0.3000 -0.9216 -0.0563 
0.3000 -0.8824 -0.0783 
0.3000 -0.8431 -0.0983 
0.3000 -0.8039 -0.1163 
0.3000 -0.7647 -0.1324 
0.3000 -0.7255 -0.1464 
0.3000 -0.6863 -0.1582 
0.3000 -0.6471 -0.1676 
0.3000 -0.6078 -0.1746 
0.3000 -0.5686 -0.1791 
0.3000 -0.5294 -0.1810 
0.3000 -0.4902 -0.1804 
0.3000 -0.4510 -0.1772 
0.3000 -0.4118 -0.1715 
0.3000 -0.3725 -0.1634 
0.3000 -0.3333 -0.1531 
0.3000 -0.2941 -0.1405 
0.3000 -0.2549 -0.1261 
0.3000 -0.2157 -0.1098 
0.3000 -0.1765 -0.0920 
0.3000 -0.1373 -0.0729 
0.3000 -0.0980 -0.0528 
0.3000 -0.0588 -0.0320 
0.3000 -0.0196 -0.0107 
0.3000 0.0196 0.0107 
0.3000 0.0588 0.0320 
0.3000 0.0980 0.0528 
0.3000 0.1373 0.0729 
0.3000 0.1765 0.0920 
0.3000 0.2157 0.1098 
0.3000 0.2549 0.1261 
0.3000 0.2941 0.1405 
0.3000 0.3333 0.1531 
0.3000 0.3725 0.1634 
0.3000 0.4118 0.1715 
0.3000 0.4510 0.1772 
0.3000 0.4902 0.1804 
0.3000 0.5294 0.1810 
0.3000 0.5686 0.1791 
0.3000 0.6078 0.1746 
0.3000 0.6471 0.1676 
0.3000 0.6863 0.1582 
0.3000 0.7255 0.1464 
0.3000 0.7647 0.1324 
0.3000 0.8039 0.1163 
0.3000 0.8431 0.0983 
0.3000 0.8824 0.0783 
0.3000 0.9216 0.0563 
0.3000 0.9608 0.0322 
0.3000 1.0000 0.0000 
