-0.960784 0.998600 -1.000000 0.000000 
-0.921569 0.850707 -0.959184 0.845996 
-0.882353 0.939661 -0.918367 0.904809 
-0.843137 0.953539 -0.877551 0.940226 
-0.803922 0.977138 -0.836735 0.965543 
-0.764706 0.992848 -0.795918 0.985114 
-0.725490 1.006720 -0.755102 1.000936 
-0.686275 1.018261 -0.714286 1.014096 
-0.647059 1.028230 -0.673469 1.025254 
-0.607843 1.036870 -0.632653 1.034843 
-0.568627 1.044426 -0.591837 1.043160 
-0.529412 1.051061 -0.551020 1.050417 
-0.490196 1.056903 -0.510204 1.056775 
-0.450980 1.062049 -0.469388 1.062353 
-0.411765 1.066578 -0.428571 1.067244 
-0.372549 1.070550 -0.387755 1.071523 
-0.333333 1.074016 -0.346939 1.075246 
-0.294118 1.077014 -0.306122 1.078460 
-0.254902 1.079577 -0.265306 1.081204 
-0.215686 1.081732 -0.224490 1.083507 
-0.176471 1.083498 -0.183673 1.085393 
-0.137255 1.084893 -0.142857 1.086881 
-0.098039 1.085929 -0.102041 1.087985 
-0.058824 1.086614 -0.061224 1.088715 
-0.019608 1.086955 -0.020408 1.089079 
0.019608 1.086955 0.020408 1.089079 
0.058824 1.086614 0.061224 1.088715 
0.098039 1.085929 0.102041 1.087985 
0.137255 1.084893 0.142857 1.086881 
0.176471 1.083498 0.183673 1.085393 
0.215686 1.081732 0.224490 1.083507 
0.254902 1.079577 0.265306 1.081204 
0.294118 1.077014 0.306122 1.078460 
0.333333 1.074016 0.346939 1.075246 
0.372549 1.070550 0.387755 1.071523 
0.411765 1.066578 0.428571 1.067244 
0.450980 1.062049 0.469388 1.062353 
0.490196 1.056903 0.510204 1.056775 
0.529412 1.051061 0.551020 1.050417 
0.568627 1.044426 0.591837 1.043160 
0.607843 1.036870 0.632653 1.034843 
0.647059 1.028230 0.673469 1.025254 
0.686275 1.018261 0.714286 1.014096 
0.725490 1.006720 0.755102 1.000936 
0.764706 0.992848 0.795918 0.985114 
0.803922 0.977138 0.836735 0.965543 
0.843137 0.953539 0.877551 0.940226 
0.882353 0.939661 0.918367 0.904809 
0.921569 0.850707 0.959184 0.845996 
0.960784 0.998600 1.000000 0.000000 
