-0.960784 0.284825 -1.000000 0.000000 
-0.921569 0.379873 -0.959184 0.282784 
-0.882353 0.465588 -0.918367 0.395729 
-0.843137 0.533368 -0.877551 0.479483 
-0.803922 0.591331 -0.836735 0.547608 
-0.764706 0.641719 -0.795918 0.605404 
-0.725490 0.686225 -0.755102 0.655607 
-0.686275 0.725906 -0.714286 0.699854 
-0.647059 0.761509 -0.673469 0.739215 
-0.607843 0.793575 -0.632653 0.774435 
-0.568627 0.822515 -0.591837 0.806058 
-0.529412 0.848645 -0.551020 0.834492 
-0.490196 0.872215 -0.510204 0.860053 
-0.450980 0.893426 -0.469388 0.882992 
-0.411765 0.912440 -0.428571 0.903508 
-0.372549 0.929393 -0.387755 0.921762 
-0.333333 0.944392 -0.346939 0.937888 
-0.294118 0.957530 -0.306122 0.951992 
-0.254902 0.968881 -0.265306 0.964164 
-0.215686 0.978506 -0.224490 0.974476 
-0.176471 0.986457 -0.183673 0.982987 
-0.137255 0.992771 -0.142857 0.989743 
-0.098039 0.997482 -0.102041 0.994780 
-0.058824 1.000610 -0.061224 0.998124 
-0.019608 1.002170 -0.020408 0.999792 
0.019608 1.002170 0.020408 0.999792 
0.058824 1.000610 0.061224 0.998124 
0.098039 0.997482 0.102041 0.994780 
0.137255 0.992771 0.142857 0.989743 
0.176471 0.986457 0.183673 0.982987 
0.215686 0.978506 0.224490 0.974476 
0.254902 0.968881 0.265306 0.964164 
0.294118 0.957530 0.306122 0.951992 
0.333333 0.944392 0.346939 0.937888 
0.372549 0.929393 0.387755 0.921762 
0.411765 0.912440 0.428571 0.903508 
0.450980 0.893426 0.469388 0.882992 
0.490196 0.872215 0.510204 0.860053 
0.529412 0.848645 0.551020 0.834492 
0.568627 0.822515 0.591837 0.806058 
0.607843 0.793575 0.632653 0.774435 
0.647059 0.761509 0.673469 0.739215 
0.686275 0.725906 0.714286 0.699854 
0.725490 0.686225 0.755102 0.655607 
0.764706 0.641719 0.795918 0.605404 
0.803922 0.591331 0.836735 0.547608 
0.843137 0.533368 0.877551 0.479483 
0.882353 0.465588 0.918367 0.395729 
0.921569 0.379873 0.959184 0.282784 
0.960784 0.284825 1.000000 0.000000 
