-0.960784 0.401936 -1.000000 0.000000 
-0.921569 0.487331 -0.959184 0.390872 
-0.882353 0.578144 -0.918367 0.511434 
-0.843137 0.644268 -0.877551 0.596335 
-0.803922 0.700137 -0.836735 0.663205 
-0.764706 0.747654 -0.795918 0.718634 
-0.725490 0.789008 -0.755102 0.765925 
-0.686275 0.825405 -0.714286 0.807007 
-0.647059 0.857711 -0.673469 0.843117 
-0.607843 0.886541 -0.632653 0.875104 
-0.568627 0.912352 -0.591837 0.903575 
-0.529412 0.935494 -0.551020 0.928986 
-0.490196 0.956243 -0.510204 0.951682 
-0.450980 0.974815 -0.469388 0.971934 
-0.411765 0.991387 -0.428571 0.989958 
-0.372549 1.006100 -0.387755 1.005927 
-0.333333 1.019072 -0.346939 1.019981 
-0.294118 1.030399 -0.306122 1.032234 
-0.254902 1.040159 -0.265306 1.042779 
-0.215686 1.048417 -0.224490 1.051692 
-0.176471 1.055225 -0.183673 1.059033 
-0.137255 1.060624 -0.142857 1.064852 
-0.098039 1.064647 -0.102041 1.069185 
-0.058824 1.067316 -0.061224 1.072060 
-0.019608 1.068647 -0.020408 1.073492 
0.019608 1.068647 0.020408 1.073492 
0.058824 1.067316 0.061224 1.072060 
0.098039 1.064647 0.102041 1.069185 
0.137255 1.060624 0.142857 1.064852 
0.176471 1.055225 0.183673 1.059033 
0.215686 1.048417 0.224490 1.051692 
0.254902 1.040159 0.265306 1.042779 
0.294118 1.030399 0.306122 1.032234 
0.333333 1.019072 0.346939 1.019981 
0.372549 1.006100 0.387755 1.005927 
0.411765 0.991387 0.428571 0.989958 
0.450980 0.974815 0.469388 0.971934 
0.490196 0.956243 0.510204 0.951682 
0.529412 0.935494 0.551020 0.928986 
0.568627 0.912352 0.591837 0.903575 
0.607843 0.886541 0.632653 0.875104 
0.647059 0.857711 0.673469 0.843117 
0.686275 0.825405 0.714286 0.807007 
0.725490 0.789008 0.755102 0.765925 
0.764706 0.747654 0.795918 0.718634 
0.803922 0.700137 0.836735 0.663205 
0.843137 0.644268 0.877551 0.596335 
0.882353 0.578144 0.918367 0.511434 
0.921569 0.487331 0.959184 0.390872 
0.960784 0.401936 1.000000 0.000000 
