-0.960784 0.089729 -1.000000 0.000000 
-0.921569 0.152783 -0.959184 0.092705 
-0.882353 0.208207 -0.918367 0.158714 
-0.843137 0.257967 -0.877551 0.215782 
-0.803922 0.303336 -0.836735 0.266889 
-0.764706 0.345026 -0.795918 0.313365 
-0.725490 0.383501 -0.755102 0.355966 
-0.686275 0.419082 -0.714286 0.395176 
-0.647059 0.452008 -0.673469 0.431332 
-0.607843 0.482460 -0.632653 0.464680 
-0.568627 0.510579 -0.591837 0.495409 
-0.529412 0.536479 -0.551020 0.523665 
-0.490196 0.560252 -0.510204 0.549564 
-0.450980 0.581975 -0.469388 0.573204 
-0.411765 0.601712 -0.428571 0.594661 
-0.372549 0.619515 -0.387755 0.614000 
-0.333333 0.635429 -0.346939 0.631276 
-0.294118 0.649492 -0.306122 0.646534 
-0.254902 0.661735 -0.265306 0.659811 
-0.215686 0.672184 -0.224490 0.671138 
-0.176471 0.680860 -0.183673 0.680542 
-0.137255 0.687782 -0.142857 0.688041 
-0.098039 0.692961 -0.102041 0.693652 
-0.058824 0.696409 -0.061224 0.697386 
-0.019608 0.698131 -0.020408 0.699251 
0.019608 0.698131 0.020408 0.699251 
0.058824 0.696409 0.061224 0.697386 
0.098039 0.692961 0.102041 0.693652 
0.137255 0.687782 0.142857 0.688041 
0.176471 0.680860 0.183673 0.680542 
0.215686 0.672184 0.224490 0.671138 
0.254902 0.661735 0.265306 0.659811 
0.294118 0.649492 0.306122 0.646534 
0.333333 0.635429 0.346939 0.631276 
0.372549 0.619515 0.387755 0.614000 
0.411765 0.601712 0.428571 0.594661 
0.450980 0.581975 0.469388 0.573204 
0.490196 0.560252 0.510204 0.549564 
0.529412 0.536479 0.551020 0.523665 
0.568627 0.510579 0.591837 0.495409 
0.607843 0.482460 0.632653 0.464680 
0.647059 0.452008 0.673469 0.431332 
0.686275 0.419082 0.714286 0.395176 
0.725490 0.383501 0.755102 0.355966 
0.764706 0.345026 0.795918 0.313365 
0.803922 0.303336 0.836735 0.266889 
0.843137 0.257967 0.877551 0.215782 
0.882353 0.208207 0.918367 0.158714 
0.921569 0.152783 0.959184 0.092705 
0.960784 0.089729 1.000000 0.000000 
